"","lapse","alpha","beta","participant_id","trials","subs","X","resp","sessions"
"1",0.0148232380208645,-4.4079747031845,8.46348876143982,1,150,149,-0.5,1,1
"2",0.0148232380208645,-4.4079747031845,8.46348876143982,1,150,149,-23.5,0,1
"3",0.0148232380208645,-4.4079747031845,8.46348876143982,1,150,149,-11.5,0,1
"4",0.0148232380208645,-4.4079747031845,8.46348876143982,1,150,149,0.5,1,1
"5",0.0148232380208645,-4.4079747031845,8.46348876143982,1,150,149,-7.5,0,1
"6",0.0148232380208645,-4.4079747031845,8.46348876143982,1,150,149,-3.5,1,1
"7",0.0148232380208645,-4.4079747031845,8.46348876143982,1,150,149,-9.5,0,1
"8",0.0148232380208645,-4.4079747031845,8.46348876143982,1,150,149,-1.5,0,1
"9",0.0148232380208645,-4.4079747031845,8.46348876143982,1,150,149,5.5,1,1
"10",0.0148232380208645,-4.4079747031845,8.46348876143982,1,150,149,4.5,1,1
"11",0.0148232380208645,-4.4079747031845,8.46348876143982,1,150,149,-10.5,1,1
"12",0.0148232380208645,-4.4079747031845,8.46348876143982,1,150,149,-16.5,0,1
"13",0.0148232380208645,-4.4079747031845,8.46348876143982,1,150,149,-15.5,0,1
"14",0.0148232380208645,-4.4079747031845,8.46348876143982,1,150,149,4.5,1,1
"15",0.0148232380208645,-4.4079747031845,8.46348876143982,1,150,149,-15.5,1,1
"16",0.0148232380208645,-4.4079747031845,8.46348876143982,1,150,149,-20.5,0,1
"17",0.0148232380208645,-4.4079747031845,8.46348876143982,1,150,149,-19.5,0,1
"18",0.0148232380208645,-4.4079747031845,8.46348876143982,1,150,149,4.5,0,1
"19",0.0148232380208645,-4.4079747031845,8.46348876143982,1,150,149,8.5,1,1
"20",0.0148232380208645,-4.4079747031845,8.46348876143982,1,150,149,8.5,1,1
"21",0.0148232380208645,-4.4079747031845,8.46348876143982,1,150,149,-19.5,0,1
"22",0.0148232380208645,-4.4079747031845,8.46348876143982,1,150,149,7.5,1,1
"23",0.0148232380208645,-4.4079747031845,8.46348876143982,1,150,149,-18.5,0,1
"24",0.0148232380208645,-4.4079747031845,8.46348876143982,1,150,149,7.5,1,1
"25",0.0148232380208645,-4.4079747031845,8.46348876143982,1,150,149,-18.5,0,1
"26",0.0148232380208645,-4.4079747031845,8.46348876143982,1,150,149,6.5,1,1
"27",0.0148232380208645,-4.4079747031845,8.46348876143982,1,150,149,-17.5,0,1
"28",0.0148232380208645,-4.4079747031845,8.46348876143982,1,150,149,6.5,1,1
"29",0.0148232380208645,-4.4079747031845,8.46348876143982,1,150,149,-16.5,0,1
"30",0.0148232380208645,-4.4079747031845,8.46348876143982,1,150,149,5.5,1,1
"31",0.0148232380208645,-4.4079747031845,8.46348876143982,1,150,149,-16.5,0,1
"32",0.0148232380208645,-4.4079747031845,8.46348876143982,1,150,149,4.5,1,1
"33",0.0148232380208645,-4.4079747031845,8.46348876143982,1,150,149,-15.5,0,1
"34",0.0148232380208645,-4.4079747031845,8.46348876143982,1,150,149,3.5,1,1
"35",0.0148232380208645,-4.4079747031845,8.46348876143982,1,150,149,-14.5,0,1
"36",0.0148232380208645,-4.4079747031845,8.46348876143982,1,150,149,2.5,1,1
"37",0.0148232380208645,-4.4079747031845,8.46348876143982,1,150,149,-13.5,0,1
"38",0.0148232380208645,-4.4079747031845,8.46348876143982,1,150,149,1.5,1,1
"39",0.0148232380208645,-4.4079747031845,8.46348876143982,1,150,149,-12.5,0,1
"40",0.0148232380208645,-4.4079747031845,8.46348876143982,1,150,149,0.5,1,1
"41",0.0148232380208645,-4.4079747031845,8.46348876143982,1,150,149,-11.5,1,1
"42",0.0148232380208645,-4.4079747031845,8.46348876143982,1,150,149,0.5,1,1
"43",0.0148232380208645,-4.4079747031845,8.46348876143982,1,150,149,0.5,1,1
"44",0.0148232380208645,-4.4079747031845,8.46348876143982,1,150,149,-0.5,1,1
"45",0.0148232380208645,-4.4079747031845,8.46348876143982,1,150,149,-0.5,0,1
"46",0.0148232380208645,-4.4079747031845,8.46348876143982,1,150,149,-15.5,0,1
"47",0.0148232380208645,-4.4079747031845,8.46348876143982,1,150,149,-14.5,0,1
"48",0.0148232380208645,-4.4079747031845,8.46348876143982,1,150,149,-14.5,0,1
"49",0.0148232380208645,-4.4079747031845,8.46348876143982,1,150,149,1.5,0,1
"50",0.0148232380208645,-4.4079747031845,8.46348876143982,1,150,149,-14.5,0,1
"51",0.0148232380208645,-4.4079747031845,8.46348876143982,1,150,149,-14.5,0,1
"52",0.0148232380208645,-4.4079747031845,8.46348876143982,1,150,149,3.5,1,1
"53",0.0148232380208645,-4.4079747031845,8.46348876143982,1,150,149,-13.5,0,1
"54",0.0148232380208645,-4.4079747031845,8.46348876143982,1,150,149,3.5,1,1
"55",0.0148232380208645,-4.4079747031845,8.46348876143982,1,150,149,-12.5,0,1
"56",0.0148232380208645,-4.4079747031845,8.46348876143982,1,150,149,2.5,1,1
"57",0.0148232380208645,-4.4079747031845,8.46348876143982,1,150,149,-12.5,1,1
"58",0.0148232380208645,-4.4079747031845,8.46348876143982,1,150,149,2.5,1,1
"59",0.0148232380208645,-4.4079747031845,8.46348876143982,1,150,149,-14.5,1,1
"60",0.0148232380208645,-4.4079747031845,8.46348876143982,1,150,149,3.5,1,1
"61",0.0148232380208645,-4.4079747031845,8.46348876143982,1,150,149,-16.5,0,1
"62",0.0148232380208645,-4.4079747031845,8.46348876143982,1,150,149,2.5,1,1
"63",0.0148232380208645,-4.4079747031845,8.46348876143982,1,150,149,-15.5,0,1
"64",0.0148232380208645,-4.4079747031845,8.46348876143982,1,150,149,2.5,1,1
"65",0.0148232380208645,-4.4079747031845,8.46348876143982,1,150,149,-15.5,0,1
"66",0.0148232380208645,-4.4079747031845,8.46348876143982,1,150,149,1.5,1,1
"67",0.0148232380208645,-4.4079747031845,8.46348876143982,1,150,149,1.5,0,1
"68",0.0148232380208645,-4.4079747031845,8.46348876143982,1,150,149,-15.5,0,1
"69",0.0148232380208645,-4.4079747031845,8.46348876143982,1,150,149,-15.5,0,1
"70",0.0148232380208645,-4.4079747031845,8.46348876143982,1,150,149,2.5,1,1
"71",0.0148232380208645,-4.4079747031845,8.46348876143982,1,150,149,-14.5,0,1
"72",0.0148232380208645,-4.4079747031845,8.46348876143982,1,150,149,2.5,1,1
"73",0.0148232380208645,-4.4079747031845,8.46348876143982,1,150,149,-14.5,0,1
"74",0.0148232380208645,-4.4079747031845,8.46348876143982,1,150,149,2.5,1,1
"75",0.0148232380208645,-4.4079747031845,8.46348876143982,1,150,149,-13.5,0,1
"76",0.0148232380208645,-4.4079747031845,8.46348876143982,1,150,149,1.5,0,1
"77",0.0148232380208645,-4.4079747031845,8.46348876143982,1,150,149,-14.5,0,1
"78",0.0148232380208645,-4.4079747031845,8.46348876143982,1,150,149,3.5,1,1
"79",0.0148232380208645,-4.4079747031845,8.46348876143982,1,150,149,-13.5,0,1
"80",0.0148232380208645,-4.4079747031845,8.46348876143982,1,150,149,2.5,1,1
"81",0.0148232380208645,-4.4079747031845,8.46348876143982,1,150,149,-13.5,0,1
"82",0.0148232380208645,-4.4079747031845,8.46348876143982,1,150,149,2.5,1,1
"83",0.0148232380208645,-4.4079747031845,8.46348876143982,1,150,149,-13.5,0,1
"84",0.0148232380208645,-4.4079747031845,8.46348876143982,1,150,149,-12.5,0,1
"85",0.0148232380208645,-4.4079747031845,8.46348876143982,1,150,149,2.5,0,1
"86",0.0148232380208645,-4.4079747031845,8.46348876143982,1,150,149,3.5,1,1
"87",0.0148232380208645,-4.4079747031845,8.46348876143982,1,150,149,-12.5,0,1
"88",0.0148232380208645,-4.4079747031845,8.46348876143982,1,150,149,-12.5,1,1
"89",0.0148232380208645,-4.4079747031845,8.46348876143982,1,150,149,3.5,1,1
"90",0.0148232380208645,-4.4079747031845,8.46348876143982,1,150,149,3.5,1,1
"91",0.0148232380208645,-4.4079747031845,8.46348876143982,1,150,149,-13.5,0,1
"92",0.0148232380208645,-4.4079747031845,8.46348876143982,1,150,149,2.5,0,1
"93",0.0148232380208645,-4.4079747031845,8.46348876143982,1,150,149,-13.5,0,1
"94",0.0148232380208645,-4.4079747031845,8.46348876143982,1,150,149,3.5,0,1
"95",0.0148232380208645,-4.4079747031845,8.46348876143982,1,150,149,5.5,1,1
"96",0.0148232380208645,-4.4079747031845,8.46348876143982,1,150,149,-13.5,0,1
"97",0.0148232380208645,-4.4079747031845,8.46348876143982,1,150,149,4.5,1,1
"98",0.0148232380208645,-4.4079747031845,8.46348876143982,1,150,149,-13.5,0,1
"99",0.0148232380208645,-4.4079747031845,8.46348876143982,1,150,149,4.5,1,1
"100",0.0148232380208645,-4.4079747031845,8.46348876143982,1,150,149,-13.5,0,1
"101",0.0148232380208645,-4.4079747031845,8.46348876143982,1,150,149,-13.5,0,1
"102",0.0148232380208645,-4.4079747031845,8.46348876143982,1,150,149,4.5,1,1
"103",0.0148232380208645,-4.4079747031845,8.46348876143982,1,150,149,-12.5,0,1
"104",0.0148232380208645,-4.4079747031845,8.46348876143982,1,150,149,3.5,0,1
"105",0.0148232380208645,-4.4079747031845,8.46348876143982,1,150,149,4.5,1,1
"106",0.0148232380208645,-4.4079747031845,8.46348876143982,1,150,149,-13.5,0,1
"107",0.0148232380208645,-4.4079747031845,8.46348876143982,1,150,149,-12.5,0,1
"108",0.0148232380208645,-4.4079747031845,8.46348876143982,1,150,149,4.5,1,1
"109",0.0148232380208645,-4.4079747031845,8.46348876143982,1,150,149,-12.5,1,1
"110",0.0148232380208645,-4.4079747031845,8.46348876143982,1,150,149,4.5,1,1
"111",0.0148232380208645,-4.4079747031845,8.46348876143982,1,150,149,4.5,1,1
"112",0.0148232380208645,-4.4079747031845,8.46348876143982,1,150,149,-13.5,0,1
"113",0.0148232380208645,-4.4079747031845,8.46348876143982,1,150,149,-13.5,1,1
"114",0.0148232380208645,-4.4079747031845,8.46348876143982,1,150,149,4.5,1,1
"115",0.0148232380208645,-4.4079747031845,8.46348876143982,1,150,149,4.5,1,1
"116",0.0148232380208645,-4.4079747031845,8.46348876143982,1,150,149,-14.5,0,1
"117",0.0148232380208645,-4.4079747031845,8.46348876143982,1,150,149,4.5,0,1
"118",0.0148232380208645,-4.4079747031845,8.46348876143982,1,150,149,5.5,1,1
"119",0.0148232380208645,-4.4079747031845,8.46348876143982,1,150,149,-14.5,0,1
"120",0.0148232380208645,-4.4079747031845,8.46348876143982,1,150,149,4.5,1,1
"121",0.0148232380208645,-4.4079747031845,8.46348876143982,1,150,149,-13.5,0,1
"122",0.0148232380208645,-4.4079747031845,8.46348876143982,1,150,149,-13.5,1,1
"123",0.0148232380208645,-4.4079747031845,8.46348876143982,1,150,149,4.5,1,1
"124",0.0148232380208645,-4.4079747031845,8.46348876143982,1,150,149,-14.5,0,1
"125",0.0148232380208645,-4.4079747031845,8.46348876143982,1,150,149,4.5,1,1
"126",0.0148232380208645,-4.4079747031845,8.46348876143982,1,150,149,-14.5,0,1
"127",0.0148232380208645,-4.4079747031845,8.46348876143982,1,150,149,4.5,1,1
"128",0.0148232380208645,-4.4079747031845,8.46348876143982,1,150,149,-14.5,0,1
"129",0.0148232380208645,-4.4079747031845,8.46348876143982,1,150,149,4.5,1,1
"130",0.0148232380208645,-4.4079747031845,8.46348876143982,1,150,149,-13.5,0,1
"131",0.0148232380208645,-4.4079747031845,8.46348876143982,1,150,149,4.5,1,1
"132",0.0148232380208645,-4.4079747031845,8.46348876143982,1,150,149,-13.5,0,1
"133",0.0148232380208645,-4.4079747031845,8.46348876143982,1,150,149,3.5,1,1
"134",0.0148232380208645,-4.4079747031845,8.46348876143982,1,150,149,-13.5,0,1
"135",0.0148232380208645,-4.4079747031845,8.46348876143982,1,150,149,-13.5,0,1
"136",0.0148232380208645,-4.4079747031845,8.46348876143982,1,150,149,3.5,1,1
"137",0.0148232380208645,-4.4079747031845,8.46348876143982,1,150,149,-13.5,0,1
"138",0.0148232380208645,-4.4079747031845,8.46348876143982,1,150,149,3.5,1,1
"139",0.0148232380208645,-4.4079747031845,8.46348876143982,1,150,149,-13.5,0,1
"140",0.0148232380208645,-4.4079747031845,8.46348876143982,1,150,149,3.5,1,1
"141",0.0148232380208645,-4.4079747031845,8.46348876143982,1,150,149,-13.5,1,1
"142",0.0148232380208645,-4.4079747031845,8.46348876143982,1,150,149,3.5,0,1
"143",0.0148232380208645,-4.4079747031845,8.46348876143982,1,150,149,4.5,1,1
"144",0.0148232380208645,-4.4079747031845,8.46348876143982,1,150,149,-13.5,0,1
"145",0.0148232380208645,-4.4079747031845,8.46348876143982,1,150,149,4.5,1,1
"146",0.0148232380208645,-4.4079747031845,8.46348876143982,1,150,149,-13.5,0,1
"147",0.0148232380208645,-4.4079747031845,8.46348876143982,1,150,149,3.5,0,1
"148",0.0148232380208645,-4.4079747031845,8.46348876143982,1,150,149,-13.5,0,1
"149",0.0148232380208645,-4.4079747031845,8.46348876143982,1,150,149,4.5,1,1
"150",0.0148232380208645,-4.4079747031845,8.46348876143982,1,150,149,-13.5,0,1
"151",0.032665575336513,-22.4358880109961,12.4113679019284,2,150,149,-0.5,1,1
"152",0.032665575336513,-22.4358880109961,12.4113679019284,2,150,149,-23.5,0,1
"153",0.032665575336513,-22.4358880109961,12.4113679019284,2,150,149,-11.5,1,1
"154",0.032665575336513,-22.4358880109961,12.4113679019284,2,150,149,-19.5,1,1
"155",0.032665575336513,-22.4358880109961,12.4113679019284,2,150,149,-28.5,0,1
"156",0.032665575336513,-22.4358880109961,12.4113679019284,2,150,149,-25.5,0,1
"157",0.032665575336513,-22.4358880109961,12.4113679019284,2,150,149,-17.5,1,1
"158",0.032665575336513,-22.4358880109961,12.4113679019284,2,150,149,-25.5,0,1
"159",0.032665575336513,-22.4358880109961,12.4113679019284,2,150,149,-18.5,0,1
"160",0.032665575336513,-22.4358880109961,12.4113679019284,2,150,149,-12.5,1,1
"161",0.032665575336513,-22.4358880109961,12.4113679019284,2,150,149,-13.5,1,1
"162",0.032665575336513,-22.4358880109961,12.4113679019284,2,150,149,-25.5,0,1
"163",0.032665575336513,-22.4358880109961,12.4113679019284,2,150,149,-14.5,0,1
"164",0.032665575336513,-22.4358880109961,12.4113679019284,2,150,149,-8.5,1,1
"165",0.032665575336513,-22.4358880109961,12.4113679019284,2,150,149,-9.5,1,1
"166",0.032665575336513,-22.4358880109961,12.4113679019284,2,150,149,-25.5,1,1
"167",0.032665575336513,-22.4358880109961,12.4113679019284,2,150,149,-30.5,0,1
"168",0.032665575336513,-22.4358880109961,12.4113679019284,2,150,149,-30.5,0,1
"169",0.032665575336513,-22.4358880109961,12.4113679019284,2,150,149,-9.5,1,1
"170",0.032665575336513,-22.4358880109961,12.4113679019284,2,150,149,-29.5,1,1
"171",0.032665575336513,-22.4358880109961,12.4113679019284,2,150,149,-33.5,0,1
"172",0.032665575336513,-22.4358880109961,12.4113679019284,2,150,149,-33.5,0,1
"173",0.032665575336513,-22.4358880109961,12.4113679019284,2,150,149,-8.5,1,1
"174",0.032665575336513,-22.4358880109961,12.4113679019284,2,150,149,-32.5,0,1
"175",0.032665575336513,-22.4358880109961,12.4113679019284,2,150,149,-9.5,1,1
"176",0.032665575336513,-22.4358880109961,12.4113679019284,2,150,149,-31.5,0,1
"177",0.032665575336513,-22.4358880109961,12.4113679019284,2,150,149,-10.5,1,1
"178",0.032665575336513,-22.4358880109961,12.4113679019284,2,150,149,-31.5,0,1
"179",0.032665575336513,-22.4358880109961,12.4113679019284,2,150,149,-11.5,0,1
"180",0.032665575336513,-22.4358880109961,12.4113679019284,2,150,149,-7.5,0,1
"181",0.032665575336513,-22.4358880109961,12.4113679019284,2,150,149,-3.5,1,1
"182",0.032665575336513,-22.4358880109961,12.4113679019284,2,150,149,-4.5,1,1
"183",0.032665575336513,-22.4358880109961,12.4113679019284,2,150,149,-32.5,0,1
"184",0.032665575336513,-22.4358880109961,12.4113679019284,2,150,149,-4.5,1,1
"185",0.032665575336513,-22.4358880109961,12.4113679019284,2,150,149,-31.5,0,1
"186",0.032665575336513,-22.4358880109961,12.4113679019284,2,150,149,-5.5,1,1
"187",0.032665575336513,-22.4358880109961,12.4113679019284,2,150,149,-30.5,0,1
"188",0.032665575336513,-22.4358880109961,12.4113679019284,2,150,149,-6.5,1,1
"189",0.032665575336513,-22.4358880109961,12.4113679019284,2,150,149,-30.5,0,1
"190",0.032665575336513,-22.4358880109961,12.4113679019284,2,150,149,-6.5,1,1
"191",0.032665575336513,-22.4358880109961,12.4113679019284,2,150,149,-29.5,0,1
"192",0.032665575336513,-22.4358880109961,12.4113679019284,2,150,149,-7.5,1,1
"193",0.032665575336513,-22.4358880109961,12.4113679019284,2,150,149,-28.5,0,1
"194",0.032665575336513,-22.4358880109961,12.4113679019284,2,150,149,-8.5,1,1
"195",0.032665575336513,-22.4358880109961,12.4113679019284,2,150,149,-27.5,0,1
"196",0.032665575336513,-22.4358880109961,12.4113679019284,2,150,149,-9.5,1,1
"197",0.032665575336513,-22.4358880109961,12.4113679019284,2,150,149,-27.5,0,1
"198",0.032665575336513,-22.4358880109961,12.4113679019284,2,150,149,-26.5,1,1
"199",0.032665575336513,-22.4358880109961,12.4113679019284,2,150,149,-9.5,0,1
"200",0.032665575336513,-22.4358880109961,12.4113679019284,2,150,149,-6.5,1,1
"201",0.032665575336513,-22.4358880109961,12.4113679019284,2,150,149,-29.5,0,1
"202",0.032665575336513,-22.4358880109961,12.4113679019284,2,150,149,-7.5,1,1
"203",0.032665575336513,-22.4358880109961,12.4113679019284,2,150,149,-29.5,1,1
"204",0.032665575336513,-22.4358880109961,12.4113679019284,2,150,149,-31.5,0,1
"205",0.032665575336513,-22.4358880109961,12.4113679019284,2,150,149,-6.5,1,1
"206",0.032665575336513,-22.4358880109961,12.4113679019284,2,150,149,-31.5,0,1
"207",0.032665575336513,-22.4358880109961,12.4113679019284,2,150,149,-7.5,1,1
"208",0.032665575336513,-22.4358880109961,12.4113679019284,2,150,149,-30.5,1,1
"209",0.032665575336513,-22.4358880109961,12.4113679019284,2,150,149,-33.5,0,1
"210",0.032665575336513,-22.4358880109961,12.4113679019284,2,150,149,-7.5,1,1
"211",0.032665575336513,-22.4358880109961,12.4113679019284,2,150,149,-32.5,1,1
"212",0.032665575336513,-22.4358880109961,12.4113679019284,2,150,149,-34.5,0,1
"213",0.032665575336513,-22.4358880109961,12.4113679019284,2,150,149,-6.5,1,1
"214",0.032665575336513,-22.4358880109961,12.4113679019284,2,150,149,-34.5,0,1
"215",0.032665575336513,-22.4358880109961,12.4113679019284,2,150,149,-7.5,1,1
"216",0.032665575336513,-22.4358880109961,12.4113679019284,2,150,149,-33.5,0,1
"217",0.032665575336513,-22.4358880109961,12.4113679019284,2,150,149,-7.5,1,1
"218",0.032665575336513,-22.4358880109961,12.4113679019284,2,150,149,-33.5,1,1
"219",0.032665575336513,-22.4358880109961,12.4113679019284,2,150,149,-35.5,1,1
"220",0.032665575336513,-22.4358880109961,12.4113679019284,2,150,149,-37.5,0,1
"221",0.032665575336513,-22.4358880109961,12.4113679019284,2,150,149,-37.5,0,1
"222",0.032665575336513,-22.4358880109961,12.4113679019284,2,150,149,-6.5,0,1
"223",0.032665575336513,-22.4358880109961,12.4113679019284,2,150,149,-37.5,0,1
"224",0.032665575336513,-22.4358880109961,12.4113679019284,2,150,149,-4.5,1,1
"225",0.032665575336513,-22.4358880109961,12.4113679019284,2,150,149,-37.5,0,1
"226",0.032665575336513,-22.4358880109961,12.4113679019284,2,150,149,-5.5,1,1
"227",0.032665575336513,-22.4358880109961,12.4113679019284,2,150,149,-5.5,0,1
"228",0.032665575336513,-22.4358880109961,12.4113679019284,2,150,149,-37.5,0,1
"229",0.032665575336513,-22.4358880109961,12.4113679019284,2,150,149,-3.5,1,1
"230",0.032665575336513,-22.4358880109961,12.4113679019284,2,150,149,-3.5,1,1
"231",0.032665575336513,-22.4358880109961,12.4113679019284,2,150,149,-37.5,1,1
"232",0.032665575336513,-22.4358880109961,12.4113679019284,2,150,149,-39.5,0,1
"233",0.032665575336513,-22.4358880109961,12.4113679019284,2,150,149,-38.5,1,1
"234",0.032665575336513,-22.4358880109961,12.4113679019284,2,150,149,-40.5,0,1
"235",0.032665575336513,-22.4358880109961,12.4113679019284,2,150,149,-40.5,0,1
"236",0.032665575336513,-22.4358880109961,12.4113679019284,2,150,149,-2.5,1,1
"237",0.032665575336513,-22.4358880109961,12.4113679019284,2,150,149,-40.5,1,1
"238",0.032665575336513,-22.4358880109961,12.4113679019284,2,150,149,-41.5,0,1
"239",0.032665575336513,-22.4358880109961,12.4113679019284,2,150,149,-41.5,0,1
"240",0.032665575336513,-22.4358880109961,12.4113679019284,2,150,149,-2.5,1,1
"241",0.032665575336513,-22.4358880109961,12.4113679019284,2,150,149,-41.5,0,1
"242",0.032665575336513,-22.4358880109961,12.4113679019284,2,150,149,-3.5,1,1
"243",0.032665575336513,-22.4358880109961,12.4113679019284,2,150,149,-40.5,0,1
"244",0.032665575336513,-22.4358880109961,12.4113679019284,2,150,149,-3.5,1,1
"245",0.032665575336513,-22.4358880109961,12.4113679019284,2,150,149,-40.5,0,1
"246",0.032665575336513,-22.4358880109961,12.4113679019284,2,150,149,-3.5,0,1
"247",0.032665575336513,-22.4358880109961,12.4113679019284,2,150,149,-2.5,0,1
"248",0.032665575336513,-22.4358880109961,12.4113679019284,2,150,149,-0.5,1,1
"249",0.032665575336513,-22.4358880109961,12.4113679019284,2,150,149,-0.5,0,1
"250",0.032665575336513,-22.4358880109961,12.4113679019284,2,150,149,0.5,1,1
"251",0.032665575336513,-22.4358880109961,12.4113679019284,2,150,149,0.5,1,1
"252",0.032665575336513,-22.4358880109961,12.4113679019284,2,150,149,-41.5,1,1
"253",0.032665575336513,-22.4358880109961,12.4113679019284,2,150,149,-42.5,0,1
"254",0.032665575336513,-22.4358880109961,12.4113679019284,2,150,149,-42.5,0,1
"255",0.032665575336513,-22.4358880109961,12.4113679019284,2,150,149,0.5,1,1
"256",0.032665575336513,-22.4358880109961,12.4113679019284,2,150,149,-42.5,0,1
"257",0.032665575336513,-22.4358880109961,12.4113679019284,2,150,149,0.5,1,1
"258",0.032665575336513,-22.4358880109961,12.4113679019284,2,150,149,-41.5,0,1
"259",0.032665575336513,-22.4358880109961,12.4113679019284,2,150,149,-0.5,1,1
"260",0.032665575336513,-22.4358880109961,12.4113679019284,2,150,149,-41.5,1,1
"261",0.032665575336513,-22.4358880109961,12.4113679019284,2,150,149,-42.5,0,1
"262",0.032665575336513,-22.4358880109961,12.4113679019284,2,150,149,-0.5,1,1
"263",0.032665575336513,-22.4358880109961,12.4113679019284,2,150,149,-42.5,0,1
"264",0.032665575336513,-22.4358880109961,12.4113679019284,2,150,149,-0.5,1,1
"265",0.032665575336513,-22.4358880109961,12.4113679019284,2,150,149,-42.5,0,1
"266",0.032665575336513,-22.4358880109961,12.4113679019284,2,150,149,-0.5,1,1
"267",0.032665575336513,-22.4358880109961,12.4113679019284,2,150,149,-42.5,0,1
"268",0.032665575336513,-22.4358880109961,12.4113679019284,2,150,149,-0.5,1,1
"269",0.032665575336513,-22.4358880109961,12.4113679019284,2,150,149,-42.5,1,1
"270",0.032665575336513,-22.4358880109961,12.4113679019284,2,150,149,-43.5,0,1
"271",0.032665575336513,-22.4358880109961,12.4113679019284,2,150,149,-43.5,0,1
"272",0.032665575336513,-22.4358880109961,12.4113679019284,2,150,149,-0.5,1,1
"273",0.032665575336513,-22.4358880109961,12.4113679019284,2,150,149,-43.5,0,1
"274",0.032665575336513,-22.4358880109961,12.4113679019284,2,150,149,-1.5,1,1
"275",0.032665575336513,-22.4358880109961,12.4113679019284,2,150,149,-42.5,0,1
"276",0.032665575336513,-22.4358880109961,12.4113679019284,2,150,149,-1.5,1,1
"277",0.032665575336513,-22.4358880109961,12.4113679019284,2,150,149,-42.5,0,1
"278",0.032665575336513,-22.4358880109961,12.4113679019284,2,150,149,-1.5,1,1
"279",0.032665575336513,-22.4358880109961,12.4113679019284,2,150,149,-42.5,0,1
"280",0.032665575336513,-22.4358880109961,12.4113679019284,2,150,149,-1.5,1,1
"281",0.032665575336513,-22.4358880109961,12.4113679019284,2,150,149,-42.5,1,1
"282",0.032665575336513,-22.4358880109961,12.4113679019284,2,150,149,-43.5,0,1
"283",0.032665575336513,-22.4358880109961,12.4113679019284,2,150,149,-1.5,1,1
"284",0.032665575336513,-22.4358880109961,12.4113679019284,2,150,149,-43.5,1,1
"285",0.032665575336513,-22.4358880109961,12.4113679019284,2,150,149,-44.5,0,1
"286",0.032665575336513,-22.4358880109961,12.4113679019284,2,150,149,-1.5,1,1
"287",0.032665575336513,-22.4358880109961,12.4113679019284,2,150,149,-44.5,0,1
"288",0.032665575336513,-22.4358880109961,12.4113679019284,2,150,149,-1.5,0,1
"289",0.032665575336513,-22.4358880109961,12.4113679019284,2,150,149,-0.5,1,1
"290",0.032665575336513,-22.4358880109961,12.4113679019284,2,150,149,-43.5,0,1
"291",0.032665575336513,-22.4358880109961,12.4113679019284,2,150,149,-0.5,0,1
"292",0.032665575336513,-22.4358880109961,12.4113679019284,2,150,149,-0.5,1,1
"293",0.032665575336513,-22.4358880109961,12.4113679019284,2,150,149,-43.5,1,1
"294",0.032665575336513,-22.4358880109961,12.4113679019284,2,150,149,-44.5,0,1
"295",0.032665575336513,-22.4358880109961,12.4113679019284,2,150,149,-44.5,0,1
"296",0.032665575336513,-22.4358880109961,12.4113679019284,2,150,149,-0.5,1,1
"297",0.032665575336513,-22.4358880109961,12.4113679019284,2,150,149,-44.5,0,1
"298",0.032665575336513,-22.4358880109961,12.4113679019284,2,150,149,-0.5,1,1
"299",0.032665575336513,-22.4358880109961,12.4113679019284,2,150,149,-44.5,1,1
"300",0.032665575336513,-22.4358880109961,12.4113679019284,2,150,149,-44.5,0,1
"301",0.108232800148991,-35.8457476381528,10.9850778607603,3,150,149,-0.5,1,1
"302",0.108232800148991,-35.8457476381528,10.9850778607603,3,150,149,-23.5,0,1
"303",0.108232800148991,-35.8457476381528,10.9850778607603,3,150,149,-11.5,1,1
"304",0.108232800148991,-35.8457476381528,10.9850778607603,3,150,149,-19.5,1,1
"305",0.108232800148991,-35.8457476381528,10.9850778607603,3,150,149,-28.5,1,1
"306",0.108232800148991,-35.8457476381528,10.9850778607603,3,150,149,-35.5,1,1
"307",0.108232800148991,-35.8457476381528,10.9850778607603,3,150,149,-38.5,0,1
"308",0.108232800148991,-35.8457476381528,10.9850778607603,3,150,149,-39.5,1,1
"309",0.108232800148991,-35.8457476381528,10.9850778607603,3,150,149,-35.5,1,1
"310",0.108232800148991,-35.8457476381528,10.9850778607603,3,150,149,-45.5,1,1
"311",0.108232800148991,-35.8457476381528,10.9850778607603,3,150,149,-32.5,1,1
"312",0.108232800148991,-35.8457476381528,10.9850778607603,3,150,149,-32.5,1,1
"313",0.108232800148991,-35.8457476381528,10.9850778607603,3,150,149,-32.5,1,1
"314",0.108232800148991,-35.8457476381528,10.9850778607603,3,150,149,-32.5,0,1
"315",0.108232800148991,-35.8457476381528,10.9850778607603,3,150,149,-50.5,0,1
"316",0.108232800148991,-35.8457476381528,10.9850778607603,3,150,149,-50.5,0,1
"317",0.108232800148991,-35.8457476381528,10.9850778607603,3,150,149,-50.5,1,1
"318",0.108232800148991,-35.8457476381528,10.9850778607603,3,150,149,-28.5,1,1
"319",0.108232800148991,-35.8457476381528,10.9850778607603,3,150,149,-28.5,1,1
"320",0.108232800148991,-35.8457476381528,10.9850778607603,3,150,149,-28.5,1,1
"321",0.108232800148991,-35.8457476381528,10.9850778607603,3,150,149,-50.5,0,1
"322",0.108232800148991,-35.8457476381528,10.9850778607603,3,150,149,-50.5,0,1
"323",0.108232800148991,-35.8457476381528,10.9850778607603,3,150,149,-50.5,0,1
"324",0.108232800148991,-35.8457476381528,10.9850778607603,3,150,149,-50.5,0,1
"325",0.108232800148991,-35.8457476381528,10.9850778607603,3,150,149,-50.5,0,1
"326",0.108232800148991,-35.8457476381528,10.9850778607603,3,150,149,-50.5,0,1
"327",0.108232800148991,-35.8457476381528,10.9850778607603,3,150,149,-27.5,1,1
"328",0.108232800148991,-35.8457476381528,10.9850778607603,3,150,149,-50.5,0,1
"329",0.108232800148991,-35.8457476381528,10.9850778607603,3,150,149,-27.5,1,1
"330",0.108232800148991,-35.8457476381528,10.9850778607603,3,150,149,-50.5,0,1
"331",0.108232800148991,-35.8457476381528,10.9850778607603,3,150,149,-28.5,1,1
"332",0.108232800148991,-35.8457476381528,10.9850778607603,3,150,149,-50.5,0,1
"333",0.108232800148991,-35.8457476381528,10.9850778607603,3,150,149,-28.5,1,1
"334",0.108232800148991,-35.8457476381528,10.9850778607603,3,150,149,-50.5,1,1
"335",0.108232800148991,-35.8457476381528,10.9850778607603,3,150,149,-28.5,1,1
"336",0.108232800148991,-35.8457476381528,10.9850778607603,3,150,149,-29.5,1,1
"337",0.108232800148991,-35.8457476381528,10.9850778607603,3,150,149,-50.5,0,1
"338",0.108232800148991,-35.8457476381528,10.9850778607603,3,150,149,-29.5,1,1
"339",0.108232800148991,-35.8457476381528,10.9850778607603,3,150,149,-50.5,0,1
"340",0.108232800148991,-35.8457476381528,10.9850778607603,3,150,149,-30.5,1,1
"341",0.108232800148991,-35.8457476381528,10.9850778607603,3,150,149,-31.5,0,1
"342",0.108232800148991,-35.8457476381528,10.9850778607603,3,150,149,-50.5,0,1
"343",0.108232800148991,-35.8457476381528,10.9850778607603,3,150,149,-50.5,0,1
"344",0.108232800148991,-35.8457476381528,10.9850778607603,3,150,149,-50.5,0,1
"345",0.108232800148991,-35.8457476381528,10.9850778607603,3,150,149,-27.5,1,1
"346",0.108232800148991,-35.8457476381528,10.9850778607603,3,150,149,-50.5,0,1
"347",0.108232800148991,-35.8457476381528,10.9850778607603,3,150,149,-28.5,1,1
"348",0.108232800148991,-35.8457476381528,10.9850778607603,3,150,149,-50.5,0,1
"349",0.108232800148991,-35.8457476381528,10.9850778607603,3,150,149,-28.5,0,1
"350",0.108232800148991,-35.8457476381528,10.9850778607603,3,150,149,-50.5,0,1
"351",0.108232800148991,-35.8457476381528,10.9850778607603,3,150,149,-25.5,1,1
"352",0.108232800148991,-35.8457476381528,10.9850778607603,3,150,149,-50.5,0,1
"353",0.108232800148991,-35.8457476381528,10.9850778607603,3,150,149,-26.5,1,1
"354",0.108232800148991,-35.8457476381528,10.9850778607603,3,150,149,-50.5,0,1
"355",0.108232800148991,-35.8457476381528,10.9850778607603,3,150,149,-27.5,1,1
"356",0.108232800148991,-35.8457476381528,10.9850778607603,3,150,149,-50.5,0,1
"357",0.108232800148991,-35.8457476381528,10.9850778607603,3,150,149,-27.5,1,1
"358",0.108232800148991,-35.8457476381528,10.9850778607603,3,150,149,-50.5,0,1
"359",0.108232800148991,-35.8457476381528,10.9850778607603,3,150,149,-28.5,1,1
"360",0.108232800148991,-35.8457476381528,10.9850778607603,3,150,149,-50.5,1,1
"361",0.108232800148991,-35.8457476381528,10.9850778607603,3,150,149,-27.5,0,1
"362",0.108232800148991,-35.8457476381528,10.9850778607603,3,150,149,-50.5,0,1
"363",0.108232800148991,-35.8457476381528,10.9850778607603,3,150,149,-25.5,0,1
"364",0.108232800148991,-35.8457476381528,10.9850778607603,3,150,149,-22.5,1,1
"365",0.108232800148991,-35.8457476381528,10.9850778607603,3,150,149,-50.5,0,1
"366",0.108232800148991,-35.8457476381528,10.9850778607603,3,150,149,-23.5,1,1
"367",0.108232800148991,-35.8457476381528,10.9850778607603,3,150,149,-50.5,1,1
"368",0.108232800148991,-35.8457476381528,10.9850778607603,3,150,149,-23.5,0,1
"369",0.108232800148991,-35.8457476381528,10.9850778607603,3,150,149,-21.5,1,1
"370",0.108232800148991,-35.8457476381528,10.9850778607603,3,150,149,-21.5,1,1
"371",0.108232800148991,-35.8457476381528,10.9850778607603,3,150,149,-50.5,0,1
"372",0.108232800148991,-35.8457476381528,10.9850778607603,3,150,149,-21.5,1,1
"373",0.108232800148991,-35.8457476381528,10.9850778607603,3,150,149,-50.5,0,1
"374",0.108232800148991,-35.8457476381528,10.9850778607603,3,150,149,-50.5,0,1
"375",0.108232800148991,-35.8457476381528,10.9850778607603,3,150,149,-22.5,1,1
"376",0.108232800148991,-35.8457476381528,10.9850778607603,3,150,149,-50.5,0,1
"377",0.108232800148991,-35.8457476381528,10.9850778607603,3,150,149,-22.5,1,1
"378",0.108232800148991,-35.8457476381528,10.9850778607603,3,150,149,-50.5,1,1
"379",0.108232800148991,-35.8457476381528,10.9850778607603,3,150,149,-22.5,1,1
"380",0.108232800148991,-35.8457476381528,10.9850778607603,3,150,149,-50.5,0,1
"381",0.108232800148991,-35.8457476381528,10.9850778607603,3,150,149,-22.5,1,1
"382",0.108232800148991,-35.8457476381528,10.9850778607603,3,150,149,-50.5,0,1
"383",0.108232800148991,-35.8457476381528,10.9850778607603,3,150,149,-23.5,1,1
"384",0.108232800148991,-35.8457476381528,10.9850778607603,3,150,149,-50.5,0,1
"385",0.108232800148991,-35.8457476381528,10.9850778607603,3,150,149,-23.5,1,1
"386",0.108232800148991,-35.8457476381528,10.9850778607603,3,150,149,-50.5,0,1
"387",0.108232800148991,-35.8457476381528,10.9850778607603,3,150,149,-50.5,0,1
"388",0.108232800148991,-35.8457476381528,10.9850778607603,3,150,149,-24.5,0,1
"389",0.108232800148991,-35.8457476381528,10.9850778607603,3,150,149,-22.5,0,1
"390",0.108232800148991,-35.8457476381528,10.9850778607603,3,150,149,-20.5,1,1
"391",0.108232800148991,-35.8457476381528,10.9850778607603,3,150,149,-20.5,1,1
"392",0.108232800148991,-35.8457476381528,10.9850778607603,3,150,149,-50.5,0,1
"393",0.108232800148991,-35.8457476381528,10.9850778607603,3,150,149,-21.5,1,1
"394",0.108232800148991,-35.8457476381528,10.9850778607603,3,150,149,-50.5,0,1
"395",0.108232800148991,-35.8457476381528,10.9850778607603,3,150,149,-50.5,1,1
"396",0.108232800148991,-35.8457476381528,10.9850778607603,3,150,149,-21.5,1,1
"397",0.108232800148991,-35.8457476381528,10.9850778607603,3,150,149,-21.5,0,1
"398",0.108232800148991,-35.8457476381528,10.9850778607603,3,150,149,-19.5,1,1
"399",0.108232800148991,-35.8457476381528,10.9850778607603,3,150,149,-50.5,0,1
"400",0.108232800148991,-35.8457476381528,10.9850778607603,3,150,149,-20.5,1,1
"401",0.108232800148991,-35.8457476381528,10.9850778607603,3,150,149,-50.5,0,1
"402",0.108232800148991,-35.8457476381528,10.9850778607603,3,150,149,-20.5,1,1
"403",0.108232800148991,-35.8457476381528,10.9850778607603,3,150,149,-50.5,0,1
"404",0.108232800148991,-35.8457476381528,10.9850778607603,3,150,149,-50.5,0,1
"405",0.108232800148991,-35.8457476381528,10.9850778607603,3,150,149,-20.5,1,1
"406",0.108232800148991,-35.8457476381528,10.9850778607603,3,150,149,-50.5,0,1
"407",0.108232800148991,-35.8457476381528,10.9850778607603,3,150,149,-21.5,1,1
"408",0.108232800148991,-35.8457476381528,10.9850778607603,3,150,149,-50.5,0,1
"409",0.108232800148991,-35.8457476381528,10.9850778607603,3,150,149,-21.5,1,1
"410",0.108232800148991,-35.8457476381528,10.9850778607603,3,150,149,-50.5,0,1
"411",0.108232800148991,-35.8457476381528,10.9850778607603,3,150,149,-21.5,0,1
"412",0.108232800148991,-35.8457476381528,10.9850778607603,3,150,149,-20.5,1,1
"413",0.108232800148991,-35.8457476381528,10.9850778607603,3,150,149,-50.5,0,1
"414",0.108232800148991,-35.8457476381528,10.9850778607603,3,150,149,-20.5,1,1
"415",0.108232800148991,-35.8457476381528,10.9850778607603,3,150,149,-50.5,0,1
"416",0.108232800148991,-35.8457476381528,10.9850778607603,3,150,149,-21.5,1,1
"417",0.108232800148991,-35.8457476381528,10.9850778607603,3,150,149,-50.5,0,1
"418",0.108232800148991,-35.8457476381528,10.9850778607603,3,150,149,-50.5,0,1
"419",0.108232800148991,-35.8457476381528,10.9850778607603,3,150,149,-21.5,1,1
"420",0.108232800148991,-35.8457476381528,10.9850778607603,3,150,149,-50.5,1,1
"421",0.108232800148991,-35.8457476381528,10.9850778607603,3,150,149,-21.5,1,1
"422",0.108232800148991,-35.8457476381528,10.9850778607603,3,150,149,-50.5,0,1
"423",0.108232800148991,-35.8457476381528,10.9850778607603,3,150,149,-21.5,1,1
"424",0.108232800148991,-35.8457476381528,10.9850778607603,3,150,149,-50.5,0,1
"425",0.108232800148991,-35.8457476381528,10.9850778607603,3,150,149,-21.5,1,1
"426",0.108232800148991,-35.8457476381528,10.9850778607603,3,150,149,-50.5,0,1
"427",0.108232800148991,-35.8457476381528,10.9850778607603,3,150,149,-22.5,1,1
"428",0.108232800148991,-35.8457476381528,10.9850778607603,3,150,149,-50.5,1,1
"429",0.108232800148991,-35.8457476381528,10.9850778607603,3,150,149,-21.5,1,1
"430",0.108232800148991,-35.8457476381528,10.9850778607603,3,150,149,-50.5,0,1
"431",0.108232800148991,-35.8457476381528,10.9850778607603,3,150,149,-22.5,1,1
"432",0.108232800148991,-35.8457476381528,10.9850778607603,3,150,149,-50.5,0,1
"433",0.108232800148991,-35.8457476381528,10.9850778607603,3,150,149,-22.5,1,1
"434",0.108232800148991,-35.8457476381528,10.9850778607603,3,150,149,-50.5,0,1
"435",0.108232800148991,-35.8457476381528,10.9850778607603,3,150,149,-22.5,0,1
"436",0.108232800148991,-35.8457476381528,10.9850778607603,3,150,149,-50.5,0,1
"437",0.108232800148991,-35.8457476381528,10.9850778607603,3,150,149,-21.5,1,1
"438",0.108232800148991,-35.8457476381528,10.9850778607603,3,150,149,-50.5,1,1
"439",0.108232800148991,-35.8457476381528,10.9850778607603,3,150,149,-21.5,1,1
"440",0.108232800148991,-35.8457476381528,10.9850778607603,3,150,149,-50.5,0,1
"441",0.108232800148991,-35.8457476381528,10.9850778607603,3,150,149,-21.5,1,1
"442",0.108232800148991,-35.8457476381528,10.9850778607603,3,150,149,-50.5,0,1
"443",0.108232800148991,-35.8457476381528,10.9850778607603,3,150,149,-22.5,1,1
"444",0.108232800148991,-35.8457476381528,10.9850778607603,3,150,149,-50.5,0,1
"445",0.108232800148991,-35.8457476381528,10.9850778607603,3,150,149,-22.5,1,1
"446",0.108232800148991,-35.8457476381528,10.9850778607603,3,150,149,-50.5,0,1
"447",0.108232800148991,-35.8457476381528,10.9850778607603,3,150,149,-22.5,0,1
"448",0.108232800148991,-35.8457476381528,10.9850778607603,3,150,149,-50.5,1,1
"449",0.108232800148991,-35.8457476381528,10.9850778607603,3,150,149,-21.5,1,1
"450",0.108232800148991,-35.8457476381528,10.9850778607603,3,150,149,-50.5,0,1
"451",0.00147958154563806,-0.344803110822388,9.08168462900914,4,150,149,-0.5,1,1
"452",0.00147958154563806,-0.344803110822388,9.08168462900914,4,150,149,-23.5,0,1
"453",0.00147958154563806,-0.344803110822388,9.08168462900914,4,150,149,-11.5,1,1
"454",0.00147958154563806,-0.344803110822388,9.08168462900914,4,150,149,-19.5,0,1
"455",0.00147958154563806,-0.344803110822388,9.08168462900914,4,150,149,-14.5,0,1
"456",0.00147958154563806,-0.344803110822388,9.08168462900914,4,150,149,-6.5,0,1
"457",0.00147958154563806,-0.344803110822388,9.08168462900914,4,150,149,2.5,0,1
"458",0.00147958154563806,-0.344803110822388,9.08168462900914,4,150,149,10.5,1,1
"459",0.00147958154563806,-0.344803110822388,9.08168462900914,4,150,149,7.5,1,1
"460",0.00147958154563806,-0.344803110822388,9.08168462900914,4,150,149,6.5,1,1
"461",0.00147958154563806,-0.344803110822388,9.08168462900914,4,150,149,-13.5,0,1
"462",0.00147958154563806,-0.344803110822388,9.08168462900914,4,150,149,6.5,1,1
"463",0.00147958154563806,-0.344803110822388,9.08168462900914,4,150,149,-13.5,0,1
"464",0.00147958154563806,-0.344803110822388,9.08168462900914,4,150,149,6.5,0,1
"465",0.00147958154563806,-0.344803110822388,9.08168462900914,4,150,149,11.5,1,1
"466",0.00147958154563806,-0.344803110822388,9.08168462900914,4,150,149,11.5,1,1
"467",0.00147958154563806,-0.344803110822388,9.08168462900914,4,150,149,-12.5,0,1
"468",0.00147958154563806,-0.344803110822388,9.08168462900914,4,150,149,11.5,0,1
"469",0.00147958154563806,-0.344803110822388,9.08168462900914,4,150,149,14.5,1,1
"470",0.00147958154563806,-0.344803110822388,9.08168462900914,4,150,149,-11.5,0,1
"471",0.00147958154563806,-0.344803110822388,9.08168462900914,4,150,149,14.5,1,1
"472",0.00147958154563806,-0.344803110822388,9.08168462900914,4,150,149,-11.5,0,1
"473",0.00147958154563806,-0.344803110822388,9.08168462900914,4,150,149,14.5,1,1
"474",0.00147958154563806,-0.344803110822388,9.08168462900914,4,150,149,-11.5,0,1
"475",0.00147958154563806,-0.344803110822388,9.08168462900914,4,150,149,14.5,1,1
"476",0.00147958154563806,-0.344803110822388,9.08168462900914,4,150,149,-10.5,0,1
"477",0.00147958154563806,-0.344803110822388,9.08168462900914,4,150,149,13.5,1,1
"478",0.00147958154563806,-0.344803110822388,9.08168462900914,4,150,149,-9.5,0,1
"479",0.00147958154563806,-0.344803110822388,9.08168462900914,4,150,149,-8.5,0,1
"480",0.00147958154563806,-0.344803110822388,9.08168462900914,4,150,149,13.5,1,1
"481",0.00147958154563806,-0.344803110822388,9.08168462900914,4,150,149,-7.5,1,1
"482",0.00147958154563806,-0.344803110822388,9.08168462900914,4,150,149,12.5,0,1
"483",0.00147958154563806,-0.344803110822388,9.08168462900914,4,150,149,16.5,1,1
"484",0.00147958154563806,-0.344803110822388,9.08168462900914,4,150,149,-12.5,0,1
"485",0.00147958154563806,-0.344803110822388,9.08168462900914,4,150,149,15.5,1,1
"486",0.00147958154563806,-0.344803110822388,9.08168462900914,4,150,149,-12.5,0,1
"487",0.00147958154563806,-0.344803110822388,9.08168462900914,4,150,149,15.5,1,1
"488",0.00147958154563806,-0.344803110822388,9.08168462900914,4,150,149,-11.5,0,1
"489",0.00147958154563806,-0.344803110822388,9.08168462900914,4,150,149,14.5,1,1
"490",0.00147958154563806,-0.344803110822388,9.08168462900914,4,150,149,-11.5,0,1
"491",0.00147958154563806,-0.344803110822388,9.08168462900914,4,150,149,13.5,1,1
"492",0.00147958154563806,-0.344803110822388,9.08168462900914,4,150,149,-10.5,0,1
"493",0.00147958154563806,-0.344803110822388,9.08168462900914,4,150,149,-9.5,0,1
"494",0.00147958154563806,-0.344803110822388,9.08168462900914,4,150,149,13.5,1,1
"495",0.00147958154563806,-0.344803110822388,9.08168462900914,4,150,149,-8.5,0,1
"496",0.00147958154563806,-0.344803110822388,9.08168462900914,4,150,149,12.5,1,1
"497",0.00147958154563806,-0.344803110822388,9.08168462900914,4,150,149,-8.5,1,1
"498",0.00147958154563806,-0.344803110822388,9.08168462900914,4,150,149,12.5,1,1
"499",0.00147958154563806,-0.344803110822388,9.08168462900914,4,150,149,-11.5,0,1
"500",0.00147958154563806,-0.344803110822388,9.08168462900914,4,150,149,11.5,1,1
"501",0.00147958154563806,-0.344803110822388,9.08168462900914,4,150,149,-10.5,0,1
"502",0.00147958154563806,-0.344803110822388,9.08168462900914,4,150,149,11.5,1,1
"503",0.00147958154563806,-0.344803110822388,9.08168462900914,4,150,149,10.5,1,1
"504",0.00147958154563806,-0.344803110822388,9.08168462900914,4,150,149,-9.5,0,1
"505",0.00147958154563806,-0.344803110822388,9.08168462900914,4,150,149,10.5,1,1
"506",0.00147958154563806,-0.344803110822388,9.08168462900914,4,150,149,-9.5,0,1
"507",0.00147958154563806,-0.344803110822388,9.08168462900914,4,150,149,9.5,0,1
"508",0.00147958154563806,-0.344803110822388,9.08168462900914,4,150,149,-9.5,0,1
"509",0.00147958154563806,-0.344803110822388,9.08168462900914,4,150,149,-8.5,0,1
"510",0.00147958154563806,-0.344803110822388,9.08168462900914,4,150,149,11.5,1,1
"511",0.00147958154563806,-0.344803110822388,9.08168462900914,4,150,149,-8.5,0,1
"512",0.00147958154563806,-0.344803110822388,9.08168462900914,4,150,149,-7.5,0,1
"513",0.00147958154563806,-0.344803110822388,9.08168462900914,4,150,149,11.5,1,1
"514",0.00147958154563806,-0.344803110822388,9.08168462900914,4,150,149,-7.5,0,1
"515",0.00147958154563806,-0.344803110822388,9.08168462900914,4,150,149,10.5,1,1
"516",0.00147958154563806,-0.344803110822388,9.08168462900914,4,150,149,-6.5,1,1
"517",0.00147958154563806,-0.344803110822388,9.08168462900914,4,150,149,10.5,0,1
"518",0.00147958154563806,-0.344803110822388,9.08168462900914,4,150,149,12.5,1,1
"519",0.00147958154563806,-0.344803110822388,9.08168462900914,4,150,149,-9.5,1,1
"520",0.00147958154563806,-0.344803110822388,9.08168462900914,4,150,149,12.5,1,1
"521",0.00147958154563806,-0.344803110822388,9.08168462900914,4,150,149,-11.5,0,1
"522",0.00147958154563806,-0.344803110822388,9.08168462900914,4,150,149,12.5,1,1
"523",0.00147958154563806,-0.344803110822388,9.08168462900914,4,150,149,-10.5,0,1
"524",0.00147958154563806,-0.344803110822388,9.08168462900914,4,150,149,11.5,1,1
"525",0.00147958154563806,-0.344803110822388,9.08168462900914,4,150,149,-10.5,0,1
"526",0.00147958154563806,-0.344803110822388,9.08168462900914,4,150,149,11.5,1,1
"527",0.00147958154563806,-0.344803110822388,9.08168462900914,4,150,149,-9.5,0,1
"528",0.00147958154563806,-0.344803110822388,9.08168462900914,4,150,149,11.5,1,1
"529",0.00147958154563806,-0.344803110822388,9.08168462900914,4,150,149,-9.5,1,1
"530",0.00147958154563806,-0.344803110822388,9.08168462900914,4,150,149,11.5,1,1
"531",0.00147958154563806,-0.344803110822388,9.08168462900914,4,150,149,-11.5,1,1
"532",0.00147958154563806,-0.344803110822388,9.08168462900914,4,150,149,-12.5,0,1
"533",0.00147958154563806,-0.344803110822388,9.08168462900914,4,150,149,11.5,1,1
"534",0.00147958154563806,-0.344803110822388,9.08168462900914,4,150,149,-12.5,0,1
"535",0.00147958154563806,-0.344803110822388,9.08168462900914,4,150,149,11.5,1,1
"536",0.00147958154563806,-0.344803110822388,9.08168462900914,4,150,149,10.5,1,1
"537",0.00147958154563806,-0.344803110822388,9.08168462900914,4,150,149,-11.5,0,1
"538",0.00147958154563806,-0.344803110822388,9.08168462900914,4,150,149,10.5,1,1
"539",0.00147958154563806,-0.344803110822388,9.08168462900914,4,150,149,-11.5,0,1
"540",0.00147958154563806,-0.344803110822388,9.08168462900914,4,150,149,10.5,0,1
"541",0.00147958154563806,-0.344803110822388,9.08168462900914,4,150,149,-11.5,0,1
"542",0.00147958154563806,-0.344803110822388,9.08168462900914,4,150,149,11.5,1,1
"543",0.00147958154563806,-0.344803110822388,9.08168462900914,4,150,149,-11.5,0,1
"544",0.00147958154563806,-0.344803110822388,9.08168462900914,4,150,149,11.5,1,1
"545",0.00147958154563806,-0.344803110822388,9.08168462900914,4,150,149,-11.5,0,1
"546",0.00147958154563806,-0.344803110822388,9.08168462900914,4,150,149,10.5,1,1
"547",0.00147958154563806,-0.344803110822388,9.08168462900914,4,150,149,-10.5,0,1
"548",0.00147958154563806,-0.344803110822388,9.08168462900914,4,150,149,10.5,1,1
"549",0.00147958154563806,-0.344803110822388,9.08168462900914,4,150,149,-10.5,0,1
"550",0.00147958154563806,-0.344803110822388,9.08168462900914,4,150,149,10.5,1,1
"551",0.00147958154563806,-0.344803110822388,9.08168462900914,4,150,149,-10.5,1,1
"552",0.00147958154563806,-0.344803110822388,9.08168462900914,4,150,149,10.5,1,1
"553",0.00147958154563806,-0.344803110822388,9.08168462900914,4,150,149,-11.5,0,1
"554",0.00147958154563806,-0.344803110822388,9.08168462900914,4,150,149,10.5,1,1
"555",0.00147958154563806,-0.344803110822388,9.08168462900914,4,150,149,-11.5,0,1
"556",0.00147958154563806,-0.344803110822388,9.08168462900914,4,150,149,9.5,1,1
"557",0.00147958154563806,-0.344803110822388,9.08168462900914,4,150,149,9.5,1,1
"558",0.00147958154563806,-0.344803110822388,9.08168462900914,4,150,149,-10.5,0,1
"559",0.00147958154563806,-0.344803110822388,9.08168462900914,4,150,149,9.5,1,1
"560",0.00147958154563806,-0.344803110822388,9.08168462900914,4,150,149,-10.5,0,1
"561",0.00147958154563806,-0.344803110822388,9.08168462900914,4,150,149,9.5,1,1
"562",0.00147958154563806,-0.344803110822388,9.08168462900914,4,150,149,8.5,1,1
"563",0.00147958154563806,-0.344803110822388,9.08168462900914,4,150,149,-10.5,0,1
"564",0.00147958154563806,-0.344803110822388,9.08168462900914,4,150,149,8.5,1,1
"565",0.00147958154563806,-0.344803110822388,9.08168462900914,4,150,149,-10.5,0,1
"566",0.00147958154563806,-0.344803110822388,9.08168462900914,4,150,149,8.5,1,1
"567",0.00147958154563806,-0.344803110822388,9.08168462900914,4,150,149,8.5,0,1
"568",0.00147958154563806,-0.344803110822388,9.08168462900914,4,150,149,-10.5,0,1
"569",0.00147958154563806,-0.344803110822388,9.08168462900914,4,150,149,-9.5,0,1
"570",0.00147958154563806,-0.344803110822388,9.08168462900914,4,150,149,-9.5,0,1
"571",0.00147958154563806,-0.344803110822388,9.08168462900914,4,150,149,9.5,1,1
"572",0.00147958154563806,-0.344803110822388,9.08168462900914,4,150,149,-9.5,0,1
"573",0.00147958154563806,-0.344803110822388,9.08168462900914,4,150,149,8.5,1,1
"574",0.00147958154563806,-0.344803110822388,9.08168462900914,4,150,149,-9.5,0,1
"575",0.00147958154563806,-0.344803110822388,9.08168462900914,4,150,149,8.5,1,1
"576",0.00147958154563806,-0.344803110822388,9.08168462900914,4,150,149,8.5,1,1
"577",0.00147958154563806,-0.344803110822388,9.08168462900914,4,150,149,-9.5,0,1
"578",0.00147958154563806,-0.344803110822388,9.08168462900914,4,150,149,8.5,1,1
"579",0.00147958154563806,-0.344803110822388,9.08168462900914,4,150,149,-8.5,0,1
"580",0.00147958154563806,-0.344803110822388,9.08168462900914,4,150,149,8.5,1,1
"581",0.00147958154563806,-0.344803110822388,9.08168462900914,4,150,149,-8.5,0,1
"582",0.00147958154563806,-0.344803110822388,9.08168462900914,4,150,149,8.5,1,1
"583",0.00147958154563806,-0.344803110822388,9.08168462900914,4,150,149,-8.5,0,1
"584",0.00147958154563806,-0.344803110822388,9.08168462900914,4,150,149,7.5,1,1
"585",0.00147958154563806,-0.344803110822388,9.08168462900914,4,150,149,7.5,0,1
"586",0.00147958154563806,-0.344803110822388,9.08168462900914,4,150,149,-8.5,0,1
"587",0.00147958154563806,-0.344803110822388,9.08168462900914,4,150,149,-8.5,0,1
"588",0.00147958154563806,-0.344803110822388,9.08168462900914,4,150,149,-8.5,1,1
"589",0.00147958154563806,-0.344803110822388,9.08168462900914,4,150,149,8.5,1,1
"590",0.00147958154563806,-0.344803110822388,9.08168462900914,4,150,149,8.5,1,1
"591",0.00147958154563806,-0.344803110822388,9.08168462900914,4,150,149,-8.5,1,1
"592",0.00147958154563806,-0.344803110822388,9.08168462900914,4,150,149,8.5,1,1
"593",0.00147958154563806,-0.344803110822388,9.08168462900914,4,150,149,8.5,0,1
"594",0.00147958154563806,-0.344803110822388,9.08168462900914,4,150,149,-9.5,0,1
"595",0.00147958154563806,-0.344803110822388,9.08168462900914,4,150,149,-9.5,0,1
"596",0.00147958154563806,-0.344803110822388,9.08168462900914,4,150,149,-9.5,0,1
"597",0.00147958154563806,-0.344803110822388,9.08168462900914,4,150,149,9.5,1,1
"598",0.00147958154563806,-0.344803110822388,9.08168462900914,4,150,149,-9.5,1,1
"599",0.00147958154563806,-0.344803110822388,9.08168462900914,4,150,149,9.5,1,1
"600",0.00147958154563806,-0.344803110822388,9.08168462900914,4,150,149,9.5,1,1
"601",1.22057826897097e-06,-5.27181543928708,17.0212793069938,5,150,149,-0.5,0,1
"602",1.22057826897097e-06,-5.27181543928708,17.0212793069938,5,150,149,22.5,1,1
"603",1.22057826897097e-06,-5.27181543928708,17.0212793069938,5,150,149,10.5,1,1
"604",1.22057826897097e-06,-5.27181543928708,17.0212793069938,5,150,149,-1.5,0,1
"605",1.22057826897097e-06,-5.27181543928708,17.0212793069938,5,150,149,6.5,0,1
"606",1.22057826897097e-06,-5.27181543928708,17.0212793069938,5,150,149,13.5,1,1
"607",1.22057826897097e-06,-5.27181543928708,17.0212793069938,5,150,149,5.5,1,1
"608",1.22057826897097e-06,-5.27181543928708,17.0212793069938,5,150,149,-1.5,0,1
"609",1.22057826897097e-06,-5.27181543928708,17.0212793069938,5,150,149,12.5,1,1
"610",1.22057826897097e-06,-5.27181543928708,17.0212793069938,5,150,149,-0.5,1,1
"611",1.22057826897097e-06,-5.27181543928708,17.0212793069938,5,150,149,-6.5,0,1
"612",1.22057826897097e-06,-5.27181543928708,17.0212793069938,5,150,149,-6.5,0,1
"613",1.22057826897097e-06,-5.27181543928708,17.0212793069938,5,150,149,12.5,1,1
"614",1.22057826897097e-06,-5.27181543928708,17.0212793069938,5,150,149,-5.5,1,1
"615",1.22057826897097e-06,-5.27181543928708,17.0212793069938,5,150,149,-10.5,0,1
"616",1.22057826897097e-06,-5.27181543928708,17.0212793069938,5,150,149,-9.5,0,1
"617",1.22057826897097e-06,-5.27181543928708,17.0212793069938,5,150,149,12.5,1,1
"618",1.22057826897097e-06,-5.27181543928708,17.0212793069938,5,150,149,-9.5,1,1
"619",1.22057826897097e-06,-5.27181543928708,17.0212793069938,5,150,149,-13.5,0,1
"620",1.22057826897097e-06,-5.27181543928708,17.0212793069938,5,150,149,-13.5,0,1
"621",1.22057826897097e-06,-5.27181543928708,17.0212793069938,5,150,149,12.5,0,1
"622",1.22057826897097e-06,-5.27181543928708,17.0212793069938,5,150,149,16.5,1,1
"623",1.22057826897097e-06,-5.27181543928708,17.0212793069938,5,150,149,16.5,1,1
"624",1.22057826897097e-06,-5.27181543928708,17.0212793069938,5,150,149,-12.5,0,1
"625",1.22057826897097e-06,-5.27181543928708,17.0212793069938,5,150,149,15.5,1,1
"626",1.22057826897097e-06,-5.27181543928708,17.0212793069938,5,150,149,-12.5,1,1
"627",1.22057826897097e-06,-5.27181543928708,17.0212793069938,5,150,149,-15.5,0,1
"628",1.22057826897097e-06,-5.27181543928708,17.0212793069938,5,150,149,-15.5,0,1
"629",1.22057826897097e-06,-5.27181543928708,17.0212793069938,5,150,149,15.5,1,1
"630",1.22057826897097e-06,-5.27181543928708,17.0212793069938,5,150,149,-14.5,0,1
"631",1.22057826897097e-06,-5.27181543928708,17.0212793069938,5,150,149,15.5,0,1
"632",1.22057826897097e-06,-5.27181543928708,17.0212793069938,5,150,149,17.5,1,1
"633",1.22057826897097e-06,-5.27181543928708,17.0212793069938,5,150,149,17.5,1,1
"634",1.22057826897097e-06,-5.27181543928708,17.0212793069938,5,150,149,-14.5,0,1
"635",1.22057826897097e-06,-5.27181543928708,17.0212793069938,5,150,149,17.5,1,1
"636",1.22057826897097e-06,-5.27181543928708,17.0212793069938,5,150,149,-14.5,0,1
"637",1.22057826897097e-06,-5.27181543928708,17.0212793069938,5,150,149,17.5,1,1
"638",1.22057826897097e-06,-5.27181543928708,17.0212793069938,5,150,149,-13.5,0,1
"639",1.22057826897097e-06,-5.27181543928708,17.0212793069938,5,150,149,16.5,1,1
"640",1.22057826897097e-06,-5.27181543928708,17.0212793069938,5,150,149,-13.5,0,1
"641",1.22057826897097e-06,-5.27181543928708,17.0212793069938,5,150,149,16.5,1,1
"642",1.22057826897097e-06,-5.27181543928708,17.0212793069938,5,150,149,-12.5,0,1
"643",1.22057826897097e-06,-5.27181543928708,17.0212793069938,5,150,149,15.5,1,1
"644",1.22057826897097e-06,-5.27181543928708,17.0212793069938,5,150,149,-12.5,1,1
"645",1.22057826897097e-06,-5.27181543928708,17.0212793069938,5,150,149,-15.5,1,1
"646",1.22057826897097e-06,-5.27181543928708,17.0212793069938,5,150,149,-17.5,0,1
"647",1.22057826897097e-06,-5.27181543928708,17.0212793069938,5,150,149,-17.5,1,1
"648",1.22057826897097e-06,-5.27181543928708,17.0212793069938,5,150,149,-19.5,0,1
"649",1.22057826897097e-06,-5.27181543928708,17.0212793069938,5,150,149,-19.5,0,1
"650",1.22057826897097e-06,-5.27181543928708,17.0212793069938,5,150,149,16.5,1,1
"651",1.22057826897097e-06,-5.27181543928708,17.0212793069938,5,150,149,-19.5,0,1
"652",1.22057826897097e-06,-5.27181543928708,17.0212793069938,5,150,149,15.5,1,1
"653",1.22057826897097e-06,-5.27181543928708,17.0212793069938,5,150,149,15.5,1,1
"654",1.22057826897097e-06,-5.27181543928708,17.0212793069938,5,150,149,-18.5,0,1
"655",1.22057826897097e-06,-5.27181543928708,17.0212793069938,5,150,149,15.5,1,1
"656",1.22057826897097e-06,-5.27181543928708,17.0212793069938,5,150,149,-18.5,1,1
"657",1.22057826897097e-06,-5.27181543928708,17.0212793069938,5,150,149,-20.5,1,1
"658",1.22057826897097e-06,-5.27181543928708,17.0212793069938,5,150,149,-22.5,0,1
"659",1.22057826897097e-06,-5.27181543928708,17.0212793069938,5,150,149,-22.5,0,1
"660",1.22057826897097e-06,-5.27181543928708,17.0212793069938,5,150,149,-21.5,1,1
"661",1.22057826897097e-06,-5.27181543928708,17.0212793069938,5,150,149,-23.5,0,1
"662",1.22057826897097e-06,-5.27181543928708,17.0212793069938,5,150,149,14.5,1,1
"663",1.22057826897097e-06,-5.27181543928708,17.0212793069938,5,150,149,-23.5,0,1
"664",1.22057826897097e-06,-5.27181543928708,17.0212793069938,5,150,149,14.5,1,1
"665",1.22057826897097e-06,-5.27181543928708,17.0212793069938,5,150,149,-23.5,0,1
"666",1.22057826897097e-06,-5.27181543928708,17.0212793069938,5,150,149,14.5,1,1
"667",1.22057826897097e-06,-5.27181543928708,17.0212793069938,5,150,149,-23.5,0,1
"668",1.22057826897097e-06,-5.27181543928708,17.0212793069938,5,150,149,14.5,1,1
"669",1.22057826897097e-06,-5.27181543928708,17.0212793069938,5,150,149,-22.5,0,1
"670",1.22057826897097e-06,-5.27181543928708,17.0212793069938,5,150,149,14.5,1,1
"671",1.22057826897097e-06,-5.27181543928708,17.0212793069938,5,150,149,-22.5,0,1
"672",1.22057826897097e-06,-5.27181543928708,17.0212793069938,5,150,149,13.5,1,1
"673",1.22057826897097e-06,-5.27181543928708,17.0212793069938,5,150,149,13.5,1,1
"674",1.22057826897097e-06,-5.27181543928708,17.0212793069938,5,150,149,-22.5,1,1
"675",1.22057826897097e-06,-5.27181543928708,17.0212793069938,5,150,149,-24.5,0,1
"676",1.22057826897097e-06,-5.27181543928708,17.0212793069938,5,150,149,-23.5,0,1
"677",1.22057826897097e-06,-5.27181543928708,17.0212793069938,5,150,149,13.5,1,1
"678",1.22057826897097e-06,-5.27181543928708,17.0212793069938,5,150,149,-23.5,1,1
"679",1.22057826897097e-06,-5.27181543928708,17.0212793069938,5,150,149,-25.5,0,1
"680",1.22057826897097e-06,-5.27181543928708,17.0212793069938,5,150,149,-24.5,0,1
"681",1.22057826897097e-06,-5.27181543928708,17.0212793069938,5,150,149,13.5,1,1
"682",1.22057826897097e-06,-5.27181543928708,17.0212793069938,5,150,149,13.5,1,1
"683",1.22057826897097e-06,-5.27181543928708,17.0212793069938,5,150,149,-24.5,0,1
"684",1.22057826897097e-06,-5.27181543928708,17.0212793069938,5,150,149,12.5,1,1
"685",1.22057826897097e-06,-5.27181543928708,17.0212793069938,5,150,149,-24.5,0,1
"686",1.22057826897097e-06,-5.27181543928708,17.0212793069938,5,150,149,12.5,1,1
"687",1.22057826897097e-06,-5.27181543928708,17.0212793069938,5,150,149,-24.5,0,1
"688",1.22057826897097e-06,-5.27181543928708,17.0212793069938,5,150,149,12.5,1,1
"689",1.22057826897097e-06,-5.27181543928708,17.0212793069938,5,150,149,12.5,1,1
"690",1.22057826897097e-06,-5.27181543928708,17.0212793069938,5,150,149,-24.5,0,1
"691",1.22057826897097e-06,-5.27181543928708,17.0212793069938,5,150,149,11.5,1,1
"692",1.22057826897097e-06,-5.27181543928708,17.0212793069938,5,150,149,-23.5,0,1
"693",1.22057826897097e-06,-5.27181543928708,17.0212793069938,5,150,149,11.5,1,1
"694",1.22057826897097e-06,-5.27181543928708,17.0212793069938,5,150,149,-23.5,1,1
"695",1.22057826897097e-06,-5.27181543928708,17.0212793069938,5,150,149,-25.5,0,1
"696",1.22057826897097e-06,-5.27181543928708,17.0212793069938,5,150,149,11.5,1,1
"697",1.22057826897097e-06,-5.27181543928708,17.0212793069938,5,150,149,-24.5,0,1
"698",1.22057826897097e-06,-5.27181543928708,17.0212793069938,5,150,149,11.5,1,1
"699",1.22057826897097e-06,-5.27181543928708,17.0212793069938,5,150,149,-24.5,0,1
"700",1.22057826897097e-06,-5.27181543928708,17.0212793069938,5,150,149,10.5,1,1
"701",1.22057826897097e-06,-5.27181543928708,17.0212793069938,5,150,149,10.5,1,1
"702",1.22057826897097e-06,-5.27181543928708,17.0212793069938,5,150,149,-24.5,0,1
"703",1.22057826897097e-06,-5.27181543928708,17.0212793069938,5,150,149,10.5,1,1
"704",1.22057826897097e-06,-5.27181543928708,17.0212793069938,5,150,149,-23.5,0,1
"705",1.22057826897097e-06,-5.27181543928708,17.0212793069938,5,150,149,9.5,1,1
"706",1.22057826897097e-06,-5.27181543928708,17.0212793069938,5,150,149,9.5,1,1
"707",1.22057826897097e-06,-5.27181543928708,17.0212793069938,5,150,149,-23.5,0,1
"708",1.22057826897097e-06,-5.27181543928708,17.0212793069938,5,150,149,9.5,0,1
"709",1.22057826897097e-06,-5.27181543928708,17.0212793069938,5,150,149,-23.5,0,1
"710",1.22057826897097e-06,-5.27181543928708,17.0212793069938,5,150,149,10.5,1,1
"711",1.22057826897097e-06,-5.27181543928708,17.0212793069938,5,150,149,-23.5,0,1
"712",1.22057826897097e-06,-5.27181543928708,17.0212793069938,5,150,149,10.5,1,1
"713",1.22057826897097e-06,-5.27181543928708,17.0212793069938,5,150,149,-22.5,0,1
"714",1.22057826897097e-06,-5.27181543928708,17.0212793069938,5,150,149,10.5,1,1
"715",1.22057826897097e-06,-5.27181543928708,17.0212793069938,5,150,149,-22.5,0,1
"716",1.22057826897097e-06,-5.27181543928708,17.0212793069938,5,150,149,9.5,1,1
"717",1.22057826897097e-06,-5.27181543928708,17.0212793069938,5,150,149,9.5,1,1
"718",1.22057826897097e-06,-5.27181543928708,17.0212793069938,5,150,149,-22.5,0,1
"719",1.22057826897097e-06,-5.27181543928708,17.0212793069938,5,150,149,9.5,1,1
"720",1.22057826897097e-06,-5.27181543928708,17.0212793069938,5,150,149,-21.5,1,1
"721",1.22057826897097e-06,-5.27181543928708,17.0212793069938,5,150,149,-23.5,0,1
"722",1.22057826897097e-06,-5.27181543928708,17.0212793069938,5,150,149,9.5,1,1
"723",1.22057826897097e-06,-5.27181543928708,17.0212793069938,5,150,149,9.5,0,1
"724",1.22057826897097e-06,-5.27181543928708,17.0212793069938,5,150,149,-23.5,0,1
"725",1.22057826897097e-06,-5.27181543928708,17.0212793069938,5,150,149,-22.5,0,1
"726",1.22057826897097e-06,-5.27181543928708,17.0212793069938,5,150,149,10.5,1,1
"727",1.22057826897097e-06,-5.27181543928708,17.0212793069938,5,150,149,-22.5,0,1
"728",1.22057826897097e-06,-5.27181543928708,17.0212793069938,5,150,149,10.5,1,1
"729",1.22057826897097e-06,-5.27181543928708,17.0212793069938,5,150,149,-22.5,1,1
"730",1.22057826897097e-06,-5.27181543928708,17.0212793069938,5,150,149,-23.5,0,1
"731",1.22057826897097e-06,-5.27181543928708,17.0212793069938,5,150,149,10.5,1,1
"732",1.22057826897097e-06,-5.27181543928708,17.0212793069938,5,150,149,9.5,1,1
"733",1.22057826897097e-06,-5.27181543928708,17.0212793069938,5,150,149,-23.5,0,1
"734",1.22057826897097e-06,-5.27181543928708,17.0212793069938,5,150,149,9.5,1,1
"735",1.22057826897097e-06,-5.27181543928708,17.0212793069938,5,150,149,-23.5,1,1
"736",1.22057826897097e-06,-5.27181543928708,17.0212793069938,5,150,149,-24.5,0,1
"737",1.22057826897097e-06,-5.27181543928708,17.0212793069938,5,150,149,9.5,1,1
"738",1.22057826897097e-06,-5.27181543928708,17.0212793069938,5,150,149,-24.5,0,1
"739",1.22057826897097e-06,-5.27181543928708,17.0212793069938,5,150,149,9.5,1,1
"740",1.22057826897097e-06,-5.27181543928708,17.0212793069938,5,150,149,9.5,1,1
"741",1.22057826897097e-06,-5.27181543928708,17.0212793069938,5,150,149,-23.5,0,1
"742",1.22057826897097e-06,-5.27181543928708,17.0212793069938,5,150,149,8.5,0,1
"743",1.22057826897097e-06,-5.27181543928708,17.0212793069938,5,150,149,-23.5,1,1
"744",1.22057826897097e-06,-5.27181543928708,17.0212793069938,5,150,149,-25.5,0,1
"745",1.22057826897097e-06,-5.27181543928708,17.0212793069938,5,150,149,-24.5,1,1
"746",1.22057826897097e-06,-5.27181543928708,17.0212793069938,5,150,149,-26.5,0,1
"747",1.22057826897097e-06,-5.27181543928708,17.0212793069938,5,150,149,-25.5,0,1
"748",1.22057826897097e-06,-5.27181543928708,17.0212793069938,5,150,149,10.5,1,1
"749",1.22057826897097e-06,-5.27181543928708,17.0212793069938,5,150,149,10.5,1,1
"750",1.22057826897097e-06,-5.27181543928708,17.0212793069938,5,150,149,-25.5,1,1
"751",0.00242479864927182,-23.7195131728705,7.79746819662156,6,150,149,-0.5,1,1
"752",0.00242479864927182,-23.7195131728705,7.79746819662156,6,150,149,-23.5,0,1
"753",0.00242479864927182,-23.7195131728705,7.79746819662156,6,150,149,-11.5,1,1
"754",0.00242479864927182,-23.7195131728705,7.79746819662156,6,150,149,-19.5,1,1
"755",0.00242479864927182,-23.7195131728705,7.79746819662156,6,150,149,-28.5,0,1
"756",0.00242479864927182,-23.7195131728705,7.79746819662156,6,150,149,-25.5,0,1
"757",0.00242479864927182,-23.7195131728705,7.79746819662156,6,150,149,-17.5,0,1
"758",0.00242479864927182,-23.7195131728705,7.79746819662156,6,150,149,-9.5,1,1
"759",0.00242479864927182,-23.7195131728705,7.79746819662156,6,150,149,-10.5,1,1
"760",0.00242479864927182,-23.7195131728705,7.79746819662156,6,150,149,-25.5,0,1
"761",0.00242479864927182,-23.7195131728705,7.79746819662156,6,150,149,-12.5,1,1
"762",0.00242479864927182,-23.7195131728705,7.79746819662156,6,150,149,-24.5,1,1
"763",0.00242479864927182,-23.7195131728705,7.79746819662156,6,150,149,-30.5,0,1
"764",0.00242479864927182,-23.7195131728705,7.79746819662156,6,150,149,-29.5,0,1
"765",0.00242479864927182,-23.7195131728705,7.79746819662156,6,150,149,-11.5,1,1
"766",0.00242479864927182,-23.7195131728705,7.79746819662156,6,150,149,-28.5,0,1
"767",0.00242479864927182,-23.7195131728705,7.79746819662156,6,150,149,-13.5,1,1
"768",0.00242479864927182,-23.7195131728705,7.79746819662156,6,150,149,-14.5,1,1
"769",0.00242479864927182,-23.7195131728705,7.79746819662156,6,150,149,-27.5,0,1
"770",0.00242479864927182,-23.7195131728705,7.79746819662156,6,150,149,-15.5,1,1
"771",0.00242479864927182,-23.7195131728705,7.79746819662156,6,150,149,-26.5,0,1
"772",0.00242479864927182,-23.7195131728705,7.79746819662156,6,150,149,-18.5,1,1
"773",0.00242479864927182,-23.7195131728705,7.79746819662156,6,150,149,-20.5,1,1
"774",0.00242479864927182,-23.7195131728705,7.79746819662156,6,150,149,-19.5,0,1
"775",0.00242479864927182,-23.7195131728705,7.79746819662156,6,150,149,-27.5,1,1
"776",0.00242479864927182,-23.7195131728705,7.79746819662156,6,150,149,-30.5,0,1
"777",0.00242479864927182,-23.7195131728705,7.79746819662156,6,150,149,-30.5,1,1
"778",0.00242479864927182,-23.7195131728705,7.79746819662156,6,150,149,-34.5,0,1
"779",0.00242479864927182,-23.7195131728705,7.79746819662156,6,150,149,-33.5,0,1
"780",0.00242479864927182,-23.7195131728705,7.79746819662156,6,150,149,-12.5,1,1
"781",0.00242479864927182,-23.7195131728705,7.79746819662156,6,150,149,-32.5,0,1
"782",0.00242479864927182,-23.7195131728705,7.79746819662156,6,150,149,-12.5,1,1
"783",0.00242479864927182,-23.7195131728705,7.79746819662156,6,150,149,-32.5,0,1
"784",0.00242479864927182,-23.7195131728705,7.79746819662156,6,150,149,-13.5,0,1
"785",0.00242479864927182,-23.7195131728705,7.79746819662156,6,150,149,-10.5,1,1
"786",0.00242479864927182,-23.7195131728705,7.79746819662156,6,150,149,-32.5,0,1
"787",0.00242479864927182,-23.7195131728705,7.79746819662156,6,150,149,-11.5,1,1
"788",0.00242479864927182,-23.7195131728705,7.79746819662156,6,150,149,-31.5,0,1
"789",0.00242479864927182,-23.7195131728705,7.79746819662156,6,150,149,-11.5,1,1
"790",0.00242479864927182,-23.7195131728705,7.79746819662156,6,150,149,-31.5,1,1
"791",0.00242479864927182,-23.7195131728705,7.79746819662156,6,150,149,-34.5,0,1
"792",0.00242479864927182,-23.7195131728705,7.79746819662156,6,150,149,-11.5,1,1
"793",0.00242479864927182,-23.7195131728705,7.79746819662156,6,150,149,-33.5,0,1
"794",0.00242479864927182,-23.7195131728705,7.79746819662156,6,150,149,-11.5,1,1
"795",0.00242479864927182,-23.7195131728705,7.79746819662156,6,150,149,-32.5,1,1
"796",0.00242479864927182,-23.7195131728705,7.79746819662156,6,150,149,-35.5,0,1
"797",0.00242479864927182,-23.7195131728705,7.79746819662156,6,150,149,-35.5,0,1
"798",0.00242479864927182,-23.7195131728705,7.79746819662156,6,150,149,-11.5,1,1
"799",0.00242479864927182,-23.7195131728705,7.79746819662156,6,150,149,-12.5,1,1
"800",0.00242479864927182,-23.7195131728705,7.79746819662156,6,150,149,-34.5,0,1
"801",0.00242479864927182,-23.7195131728705,7.79746819662156,6,150,149,-12.5,1,1
"802",0.00242479864927182,-23.7195131728705,7.79746819662156,6,150,149,-33.5,0,1
"803",0.00242479864927182,-23.7195131728705,7.79746819662156,6,150,149,-13.5,1,1
"804",0.00242479864927182,-23.7195131728705,7.79746819662156,6,150,149,-33.5,0,1
"805",0.00242479864927182,-23.7195131728705,7.79746819662156,6,150,149,-13.5,1,1
"806",0.00242479864927182,-23.7195131728705,7.79746819662156,6,150,149,-14.5,1,1
"807",0.00242479864927182,-23.7195131728705,7.79746819662156,6,150,149,-32.5,0,1
"808",0.00242479864927182,-23.7195131728705,7.79746819662156,6,150,149,-14.5,1,1
"809",0.00242479864927182,-23.7195131728705,7.79746819662156,6,150,149,-31.5,0,1
"810",0.00242479864927182,-23.7195131728705,7.79746819662156,6,150,149,-15.5,1,1
"811",0.00242479864927182,-23.7195131728705,7.79746819662156,6,150,149,-31.5,0,1
"812",0.00242479864927182,-23.7195131728705,7.79746819662156,6,150,149,-15.5,1,1
"813",0.00242479864927182,-23.7195131728705,7.79746819662156,6,150,149,-15.5,1,1
"814",0.00242479864927182,-23.7195131728705,7.79746819662156,6,150,149,-31.5,1,1
"815",0.00242479864927182,-23.7195131728705,7.79746819662156,6,150,149,-32.5,0,1
"816",0.00242479864927182,-23.7195131728705,7.79746819662156,6,150,149,-15.5,1,1
"817",0.00242479864927182,-23.7195131728705,7.79746819662156,6,150,149,-16.5,1,1
"818",0.00242479864927182,-23.7195131728705,7.79746819662156,6,150,149,-32.5,0,1
"819",0.00242479864927182,-23.7195131728705,7.79746819662156,6,150,149,-16.5,1,1
"820",0.00242479864927182,-23.7195131728705,7.79746819662156,6,150,149,-16.5,1,1
"821",0.00242479864927182,-23.7195131728705,7.79746819662156,6,150,149,-31.5,0,1
"822",0.00242479864927182,-23.7195131728705,7.79746819662156,6,150,149,-17.5,1,1
"823",0.00242479864927182,-23.7195131728705,7.79746819662156,6,150,149,-17.5,0,1
"824",0.00242479864927182,-23.7195131728705,7.79746819662156,6,150,149,-31.5,0,1
"825",0.00242479864927182,-23.7195131728705,7.79746819662156,6,150,149,-31.5,0,1
"826",0.00242479864927182,-23.7195131728705,7.79746819662156,6,150,149,-31.5,0,1
"827",0.00242479864927182,-23.7195131728705,7.79746819662156,6,150,149,-16.5,1,1
"828",0.00242479864927182,-23.7195131728705,7.79746819662156,6,150,149,-16.5,0,1
"829",0.00242479864927182,-23.7195131728705,7.79746819662156,6,150,149,-31.5,1,1
"830",0.00242479864927182,-23.7195131728705,7.79746819662156,6,150,149,-32.5,0,1
"831",0.00242479864927182,-23.7195131728705,7.79746819662156,6,150,149,-32.5,0,1
"832",0.00242479864927182,-23.7195131728705,7.79746819662156,6,150,149,-14.5,1,1
"833",0.00242479864927182,-23.7195131728705,7.79746819662156,6,150,149,-32.5,0,1
"834",0.00242479864927182,-23.7195131728705,7.79746819662156,6,150,149,-15.5,1,1
"835",0.00242479864927182,-23.7195131728705,7.79746819662156,6,150,149,-15.5,1,1
"836",0.00242479864927182,-23.7195131728705,7.79746819662156,6,150,149,-31.5,0,1
"837",0.00242479864927182,-23.7195131728705,7.79746819662156,6,150,149,-15.5,1,1
"838",0.00242479864927182,-23.7195131728705,7.79746819662156,6,150,149,-31.5,0,1
"839",0.00242479864927182,-23.7195131728705,7.79746819662156,6,150,149,-16.5,1,1
"840",0.00242479864927182,-23.7195131728705,7.79746819662156,6,150,149,-31.5,0,1
"841",0.00242479864927182,-23.7195131728705,7.79746819662156,6,150,149,-16.5,0,1
"842",0.00242479864927182,-23.7195131728705,7.79746819662156,6,150,149,-31.5,1,1
"843",0.00242479864927182,-23.7195131728705,7.79746819662156,6,150,149,-32.5,0,1
"844",0.00242479864927182,-23.7195131728705,7.79746819662156,6,150,149,-15.5,1,1
"845",0.00242479864927182,-23.7195131728705,7.79746819662156,6,150,149,-15.5,1,1
"846",0.00242479864927182,-23.7195131728705,7.79746819662156,6,150,149,-32.5,1,1
"847",0.00242479864927182,-23.7195131728705,7.79746819662156,6,150,149,-33.5,0,1
"848",0.00242479864927182,-23.7195131728705,7.79746819662156,6,150,149,-15.5,1,1
"849",0.00242479864927182,-23.7195131728705,7.79746819662156,6,150,149,-32.5,0,1
"850",0.00242479864927182,-23.7195131728705,7.79746819662156,6,150,149,-15.5,1,1
"851",0.00242479864927182,-23.7195131728705,7.79746819662156,6,150,149,-32.5,1,1
"852",0.00242479864927182,-23.7195131728705,7.79746819662156,6,150,149,-33.5,1,1
"853",0.00242479864927182,-23.7195131728705,7.79746819662156,6,150,149,-34.5,1,1
"854",0.00242479864927182,-23.7195131728705,7.79746819662156,6,150,149,-35.5,0,1
"855",0.00242479864927182,-23.7195131728705,7.79746819662156,6,150,149,-35.5,0,1
"856",0.00242479864927182,-23.7195131728705,7.79746819662156,6,150,149,-14.5,1,1
"857",0.00242479864927182,-23.7195131728705,7.79746819662156,6,150,149,-35.5,0,1
"858",0.00242479864927182,-23.7195131728705,7.79746819662156,6,150,149,-14.5,1,1
"859",0.00242479864927182,-23.7195131728705,7.79746819662156,6,150,149,-35.5,0,1
"860",0.00242479864927182,-23.7195131728705,7.79746819662156,6,150,149,-15.5,0,1
"861",0.00242479864927182,-23.7195131728705,7.79746819662156,6,150,149,-35.5,0,1
"862",0.00242479864927182,-23.7195131728705,7.79746819662156,6,150,149,-14.5,1,1
"863",0.00242479864927182,-23.7195131728705,7.79746819662156,6,150,149,-35.5,0,1
"864",0.00242479864927182,-23.7195131728705,7.79746819662156,6,150,149,-14.5,0,1
"865",0.00242479864927182,-23.7195131728705,7.79746819662156,6,150,149,-13.5,0,1
"866",0.00242479864927182,-23.7195131728705,7.79746819662156,6,150,149,-35.5,0,1
"867",0.00242479864927182,-23.7195131728705,7.79746819662156,6,150,149,-12.5,1,1
"868",0.00242479864927182,-23.7195131728705,7.79746819662156,6,150,149,-35.5,0,1
"869",0.00242479864927182,-23.7195131728705,7.79746819662156,6,150,149,-12.5,1,1
"870",0.00242479864927182,-23.7195131728705,7.79746819662156,6,150,149,-35.5,0,1
"871",0.00242479864927182,-23.7195131728705,7.79746819662156,6,150,149,-12.5,1,1
"872",0.00242479864927182,-23.7195131728705,7.79746819662156,6,150,149,-13.5,1,1
"873",0.00242479864927182,-23.7195131728705,7.79746819662156,6,150,149,-34.5,0,1
"874",0.00242479864927182,-23.7195131728705,7.79746819662156,6,150,149,-13.5,1,1
"875",0.00242479864927182,-23.7195131728705,7.79746819662156,6,150,149,-34.5,0,1
"876",0.00242479864927182,-23.7195131728705,7.79746819662156,6,150,149,-13.5,1,1
"877",0.00242479864927182,-23.7195131728705,7.79746819662156,6,150,149,-34.5,0,1
"878",0.00242479864927182,-23.7195131728705,7.79746819662156,6,150,149,-13.5,1,1
"879",0.00242479864927182,-23.7195131728705,7.79746819662156,6,150,149,-34.5,0,1
"880",0.00242479864927182,-23.7195131728705,7.79746819662156,6,150,149,-13.5,1,1
"881",0.00242479864927182,-23.7195131728705,7.79746819662156,6,150,149,-33.5,0,1
"882",0.00242479864927182,-23.7195131728705,7.79746819662156,6,150,149,-14.5,1,1
"883",0.00242479864927182,-23.7195131728705,7.79746819662156,6,150,149,-33.5,0,1
"884",0.00242479864927182,-23.7195131728705,7.79746819662156,6,150,149,-14.5,1,1
"885",0.00242479864927182,-23.7195131728705,7.79746819662156,6,150,149,-14.5,1,1
"886",0.00242479864927182,-23.7195131728705,7.79746819662156,6,150,149,-33.5,0,1
"887",0.00242479864927182,-23.7195131728705,7.79746819662156,6,150,149,-14.5,1,1
"888",0.00242479864927182,-23.7195131728705,7.79746819662156,6,150,149,-33.5,1,1
"889",0.00242479864927182,-23.7195131728705,7.79746819662156,6,150,149,-34.5,0,1
"890",0.00242479864927182,-23.7195131728705,7.79746819662156,6,150,149,-14.5,1,1
"891",0.00242479864927182,-23.7195131728705,7.79746819662156,6,150,149,-33.5,0,1
"892",0.00242479864927182,-23.7195131728705,7.79746819662156,6,150,149,-14.5,1,1
"893",0.00242479864927182,-23.7195131728705,7.79746819662156,6,150,149,-33.5,0,1
"894",0.00242479864927182,-23.7195131728705,7.79746819662156,6,150,149,-14.5,1,1
"895",0.00242479864927182,-23.7195131728705,7.79746819662156,6,150,149,-33.5,0,1
"896",0.00242479864927182,-23.7195131728705,7.79746819662156,6,150,149,-15.5,0,1
"897",0.00242479864927182,-23.7195131728705,7.79746819662156,6,150,149,-33.5,0,1
"898",0.00242479864927182,-23.7195131728705,7.79746819662156,6,150,149,-14.5,1,1
"899",0.00242479864927182,-23.7195131728705,7.79746819662156,6,150,149,-14.5,1,1
"900",0.00242479864927182,-23.7195131728705,7.79746819662156,6,150,149,-33.5,0,1
"901",0.0426988480930673,-6.19749236773784,10.4359556820858,7,150,149,-0.5,0,1
"902",0.0426988480930673,-6.19749236773784,10.4359556820858,7,150,149,22.5,1,1
"903",0.0426988480930673,-6.19749236773784,10.4359556820858,7,150,149,10.5,1,1
"904",0.0426988480930673,-6.19749236773784,10.4359556820858,7,150,149,-1.5,1,1
"905",0.0426988480930673,-6.19749236773784,10.4359556820858,7,150,149,-13.5,0,1
"906",0.0426988480930673,-6.19749236773784,10.4359556820858,7,150,149,-7.5,0,1
"907",0.0426988480930673,-6.19749236773784,10.4359556820858,7,150,149,5.5,1,1
"908",0.0426988480930673,-6.19749236773784,10.4359556820858,7,150,149,-8.5,0,1
"909",0.0426988480930673,-6.19749236773784,10.4359556820858,7,150,149,5.5,1,1
"910",0.0426988480930673,-6.19749236773784,10.4359556820858,7,150,149,-7.5,0,1
"911",0.0426988480930673,-6.19749236773784,10.4359556820858,7,150,149,4.5,0,1
"912",0.0426988480930673,-6.19749236773784,10.4359556820858,7,150,149,10.5,1,1
"913",0.0426988480930673,-6.19749236773784,10.4359556820858,7,150,149,10.5,1,1
"914",0.0426988480930673,-6.19749236773784,10.4359556820858,7,150,149,-6.5,1,1
"915",0.0426988480930673,-6.19749236773784,10.4359556820858,7,150,149,-12.5,0,1
"916",0.0426988480930673,-6.19749236773784,10.4359556820858,7,150,149,-11.5,0,1
"917",0.0426988480930673,-6.19749236773784,10.4359556820858,7,150,149,9.5,1,1
"918",0.0426988480930673,-6.19749236773784,10.4359556820858,7,150,149,-11.5,1,1
"919",0.0426988480930673,-6.19749236773784,10.4359556820858,7,150,149,-15.5,1,1
"920",0.0426988480930673,-6.19749236773784,10.4359556820858,7,150,149,-19.5,0,1
"921",0.0426988480930673,-6.19749236773784,10.4359556820858,7,150,149,-18.5,1,1
"922",0.0426988480930673,-6.19749236773784,10.4359556820858,7,150,149,-21.5,0,1
"923",0.0426988480930673,-6.19749236773784,10.4359556820858,7,150,149,-21.5,0,1
"924",0.0426988480930673,-6.19749236773784,10.4359556820858,7,150,149,-20.5,0,1
"925",0.0426988480930673,-6.19749236773784,10.4359556820858,7,150,149,9.5,0,1
"926",0.0426988480930673,-6.19749236773784,10.4359556820858,7,150,149,11.5,1,1
"927",0.0426988480930673,-6.19749236773784,10.4359556820858,7,150,149,11.5,1,1
"928",0.0426988480930673,-6.19749236773784,10.4359556820858,7,150,149,-19.5,0,1
"929",0.0426988480930673,-6.19749236773784,10.4359556820858,7,150,149,11.5,0,1
"930",0.0426988480930673,-6.19749236773784,10.4359556820858,7,150,149,13.5,1,1
"931",0.0426988480930673,-6.19749236773784,10.4359556820858,7,150,149,12.5,1,1
"932",0.0426988480930673,-6.19749236773784,10.4359556820858,7,150,149,-19.5,0,1
"933",0.0426988480930673,-6.19749236773784,10.4359556820858,7,150,149,13.5,1,1
"934",0.0426988480930673,-6.19749236773784,10.4359556820858,7,150,149,-19.5,0,1
"935",0.0426988480930673,-6.19749236773784,10.4359556820858,7,150,149,13.5,1,1
"936",0.0426988480930673,-6.19749236773784,10.4359556820858,7,150,149,-19.5,0,1
"937",0.0426988480930673,-6.19749236773784,10.4359556820858,7,150,149,13.5,1,1
"938",0.0426988480930673,-6.19749236773784,10.4359556820858,7,150,149,-19.5,0,1
"939",0.0426988480930673,-6.19749236773784,10.4359556820858,7,150,149,13.5,1,1
"940",0.0426988480930673,-6.19749236773784,10.4359556820858,7,150,149,-19.5,0,1
"941",0.0426988480930673,-6.19749236773784,10.4359556820858,7,150,149,13.5,1,1
"942",0.0426988480930673,-6.19749236773784,10.4359556820858,7,150,149,-18.5,0,1
"943",0.0426988480930673,-6.19749236773784,10.4359556820858,7,150,149,-18.5,0,1
"944",0.0426988480930673,-6.19749236773784,10.4359556820858,7,150,149,12.5,1,1
"945",0.0426988480930673,-6.19749236773784,10.4359556820858,7,150,149,-18.5,1,1
"946",0.0426988480930673,-6.19749236773784,10.4359556820858,7,150,149,-20.5,0,1
"947",0.0426988480930673,-6.19749236773784,10.4359556820858,7,150,149,12.5,1,1
"948",0.0426988480930673,-6.19749236773784,10.4359556820858,7,150,149,-20.5,0,1
"949",0.0426988480930673,-6.19749236773784,10.4359556820858,7,150,149,12.5,1,1
"950",0.0426988480930673,-6.19749236773784,10.4359556820858,7,150,149,11.5,1,1
"951",0.0426988480930673,-6.19749236773784,10.4359556820858,7,150,149,-20.5,0,1
"952",0.0426988480930673,-6.19749236773784,10.4359556820858,7,150,149,11.5,1,1
"953",0.0426988480930673,-6.19749236773784,10.4359556820858,7,150,149,-19.5,1,1
"954",0.0426988480930673,-6.19749236773784,10.4359556820858,7,150,149,-22.5,1,1
"955",0.0426988480930673,-6.19749236773784,10.4359556820858,7,150,149,-24.5,0,1
"956",0.0426988480930673,-6.19749236773784,10.4359556820858,7,150,149,-23.5,0,1
"957",0.0426988480930673,-6.19749236773784,10.4359556820858,7,150,149,11.5,1,1
"958",0.0426988480930673,-6.19749236773784,10.4359556820858,7,150,149,-23.5,0,1
"959",0.0426988480930673,-6.19749236773784,10.4359556820858,7,150,149,11.5,1,1
"960",0.0426988480930673,-6.19749236773784,10.4359556820858,7,150,149,-23.5,0,1
"961",0.0426988480930673,-6.19749236773784,10.4359556820858,7,150,149,10.5,1,1
"962",0.0426988480930673,-6.19749236773784,10.4359556820858,7,150,149,-23.5,0,1
"963",0.0426988480930673,-6.19749236773784,10.4359556820858,7,150,149,10.5,1,1
"964",0.0426988480930673,-6.19749236773784,10.4359556820858,7,150,149,10.5,0,1
"965",0.0426988480930673,-6.19749236773784,10.4359556820858,7,150,149,-22.5,0,1
"966",0.0426988480930673,-6.19749236773784,10.4359556820858,7,150,149,12.5,1,1
"967",0.0426988480930673,-6.19749236773784,10.4359556820858,7,150,149,-22.5,0,1
"968",0.0426988480930673,-6.19749236773784,10.4359556820858,7,150,149,11.5,1,1
"969",0.0426988480930673,-6.19749236773784,10.4359556820858,7,150,149,-22.5,0,1
"970",0.0426988480930673,-6.19749236773784,10.4359556820858,7,150,149,11.5,1,1
"971",0.0426988480930673,-6.19749236773784,10.4359556820858,7,150,149,-21.5,0,1
"972",0.0426988480930673,-6.19749236773784,10.4359556820858,7,150,149,11.5,1,1
"973",0.0426988480930673,-6.19749236773784,10.4359556820858,7,150,149,-21.5,0,1
"974",0.0426988480930673,-6.19749236773784,10.4359556820858,7,150,149,10.5,1,1
"975",0.0426988480930673,-6.19749236773784,10.4359556820858,7,150,149,-21.5,0,1
"976",0.0426988480930673,-6.19749236773784,10.4359556820858,7,150,149,10.5,0,1
"977",0.0426988480930673,-6.19749236773784,10.4359556820858,7,150,149,12.5,1,1
"978",0.0426988480930673,-6.19749236773784,10.4359556820858,7,150,149,-20.5,0,1
"979",0.0426988480930673,-6.19749236773784,10.4359556820858,7,150,149,12.5,1,1
"980",0.0426988480930673,-6.19749236773784,10.4359556820858,7,150,149,-20.5,0,1
"981",0.0426988480930673,-6.19749236773784,10.4359556820858,7,150,149,11.5,1,1
"982",0.0426988480930673,-6.19749236773784,10.4359556820858,7,150,149,-20.5,1,1
"983",0.0426988480930673,-6.19749236773784,10.4359556820858,7,150,149,-22.5,0,1
"984",0.0426988480930673,-6.19749236773784,10.4359556820858,7,150,149,11.5,1,1
"985",0.0426988480930673,-6.19749236773784,10.4359556820858,7,150,149,-21.5,0,1
"986",0.0426988480930673,-6.19749236773784,10.4359556820858,7,150,149,11.5,1,1
"987",0.0426988480930673,-6.19749236773784,10.4359556820858,7,150,149,-21.5,0,1
"988",0.0426988480930673,-6.19749236773784,10.4359556820858,7,150,149,10.5,1,1
"989",0.0426988480930673,-6.19749236773784,10.4359556820858,7,150,149,-21.5,0,1
"990",0.0426988480930673,-6.19749236773784,10.4359556820858,7,150,149,10.5,1,1
"991",0.0426988480930673,-6.19749236773784,10.4359556820858,7,150,149,10.5,1,1
"992",0.0426988480930673,-6.19749236773784,10.4359556820858,7,150,149,-20.5,0,1
"993",0.0426988480930673,-6.19749236773784,10.4359556820858,7,150,149,9.5,1,1
"994",0.0426988480930673,-6.19749236773784,10.4359556820858,7,150,149,-20.5,0,1
"995",0.0426988480930673,-6.19749236773784,10.4359556820858,7,150,149,9.5,1,1
"996",0.0426988480930673,-6.19749236773784,10.4359556820858,7,150,149,-19.5,0,1
"997",0.0426988480930673,-6.19749236773784,10.4359556820858,7,150,149,9.5,1,1
"998",0.0426988480930673,-6.19749236773784,10.4359556820858,7,150,149,-19.5,0,1
"999",0.0426988480930673,-6.19749236773784,10.4359556820858,7,150,149,8.5,1,1
"1000",0.0426988480930673,-6.19749236773784,10.4359556820858,7,150,149,-19.5,0,1
"1001",0.0426988480930673,-6.19749236773784,10.4359556820858,7,150,149,8.5,1,1
"1002",0.0426988480930673,-6.19749236773784,10.4359556820858,7,150,149,-18.5,0,1
"1003",0.0426988480930673,-6.19749236773784,10.4359556820858,7,150,149,7.5,1,1
"1004",0.0426988480930673,-6.19749236773784,10.4359556820858,7,150,149,7.5,1,1
"1005",0.0426988480930673,-6.19749236773784,10.4359556820858,7,150,149,-18.5,0,1
"1006",0.0426988480930673,-6.19749236773784,10.4359556820858,7,150,149,7.5,0,1
"1007",0.0426988480930673,-6.19749236773784,10.4359556820858,7,150,149,-18.5,0,1
"1008",0.0426988480930673,-6.19749236773784,10.4359556820858,7,150,149,-18.5,1,1
"1009",0.0426988480930673,-6.19749236773784,10.4359556820858,7,150,149,9.5,1,1
"1010",0.0426988480930673,-6.19749236773784,10.4359556820858,7,150,149,-19.5,0,1
"1011",0.0426988480930673,-6.19749236773784,10.4359556820858,7,150,149,8.5,1,1
"1012",0.0426988480930673,-6.19749236773784,10.4359556820858,7,150,149,-19.5,0,1
"1013",0.0426988480930673,-6.19749236773784,10.4359556820858,7,150,149,8.5,1,1
"1014",0.0426988480930673,-6.19749236773784,10.4359556820858,7,150,149,-18.5,0,1
"1015",0.0426988480930673,-6.19749236773784,10.4359556820858,7,150,149,8.5,1,1
"1016",0.0426988480930673,-6.19749236773784,10.4359556820858,7,150,149,-18.5,0,1
"1017",0.0426988480930673,-6.19749236773784,10.4359556820858,7,150,149,7.5,1,1
"1018",0.0426988480930673,-6.19749236773784,10.4359556820858,7,150,149,7.5,1,1
"1019",0.0426988480930673,-6.19749236773784,10.4359556820858,7,150,149,-18.5,0,1
"1020",0.0426988480930673,-6.19749236773784,10.4359556820858,7,150,149,7.5,1,1
"1021",0.0426988480930673,-6.19749236773784,10.4359556820858,7,150,149,-18.5,0,1
"1022",0.0426988480930673,-6.19749236773784,10.4359556820858,7,150,149,7.5,1,1
"1023",0.0426988480930673,-6.19749236773784,10.4359556820858,7,150,149,-17.5,0,1
"1024",0.0426988480930673,-6.19749236773784,10.4359556820858,7,150,149,6.5,1,1
"1025",0.0426988480930673,-6.19749236773784,10.4359556820858,7,150,149,-17.5,0,1
"1026",0.0426988480930673,-6.19749236773784,10.4359556820858,7,150,149,6.5,0,1
"1027",0.0426988480930673,-6.19749236773784,10.4359556820858,7,150,149,-17.5,0,1
"1028",0.0426988480930673,-6.19749236773784,10.4359556820858,7,150,149,-17.5,0,1
"1029",0.0426988480930673,-6.19749236773784,10.4359556820858,7,150,149,7.5,1,1
"1030",0.0426988480930673,-6.19749236773784,10.4359556820858,7,150,149,-17.5,0,1
"1031",0.0426988480930673,-6.19749236773784,10.4359556820858,7,150,149,7.5,1,1
"1032",0.0426988480930673,-6.19749236773784,10.4359556820858,7,150,149,-16.5,0,1
"1033",0.0426988480930673,-6.19749236773784,10.4359556820858,7,150,149,7.5,0,1
"1034",0.0426988480930673,-6.19749236773784,10.4359556820858,7,150,149,-16.5,0,1
"1035",0.0426988480930673,-6.19749236773784,10.4359556820858,7,150,149,-16.5,0,1
"1036",0.0426988480930673,-6.19749236773784,10.4359556820858,7,150,149,8.5,1,1
"1037",0.0426988480930673,-6.19749236773784,10.4359556820858,7,150,149,-16.5,0,1
"1038",0.0426988480930673,-6.19749236773784,10.4359556820858,7,150,149,-16.5,0,1
"1039",0.0426988480930673,-6.19749236773784,10.4359556820858,7,150,149,8.5,1,1
"1040",0.0426988480930673,-6.19749236773784,10.4359556820858,7,150,149,-15.5,0,1
"1041",0.0426988480930673,-6.19749236773784,10.4359556820858,7,150,149,7.5,0,1
"1042",0.0426988480930673,-6.19749236773784,10.4359556820858,7,150,149,-16.5,0,1
"1043",0.0426988480930673,-6.19749236773784,10.4359556820858,7,150,149,-15.5,0,1
"1044",0.0426988480930673,-6.19749236773784,10.4359556820858,7,150,149,8.5,1,1
"1045",0.0426988480930673,-6.19749236773784,10.4359556820858,7,150,149,-15.5,1,1
"1046",0.0426988480930673,-6.19749236773784,10.4359556820858,7,150,149,8.5,1,1
"1047",0.0426988480930673,-6.19749236773784,10.4359556820858,7,150,149,8.5,1,1
"1048",0.0426988480930673,-6.19749236773784,10.4359556820858,7,150,149,8.5,0,1
"1049",0.0426988480930673,-6.19749236773784,10.4359556820858,7,150,149,-16.5,0,1
"1050",0.0426988480930673,-6.19749236773784,10.4359556820858,7,150,149,-16.5,0,1
"1051",0.000116513271104651,1.93654100293294,11.9754910584578,8,150,149,-0.5,0,1
"1052",0.000116513271104651,1.93654100293294,11.9754910584578,8,150,149,22.5,1,1
"1053",0.000116513271104651,1.93654100293294,11.9754910584578,8,150,149,10.5,1,1
"1054",0.000116513271104651,1.93654100293294,11.9754910584578,8,150,149,-1.5,0,1
"1055",0.000116513271104651,1.93654100293294,11.9754910584578,8,150,149,6.5,1,1
"1056",0.000116513271104651,1.93654100293294,11.9754910584578,8,150,149,2.5,0,1
"1057",0.000116513271104651,1.93654100293294,11.9754910584578,8,150,149,8.5,1,1
"1058",0.000116513271104651,1.93654100293294,11.9754910584578,8,150,149,0.5,1,1
"1059",0.000116513271104651,1.93654100293294,11.9754910584578,8,150,149,-6.5,0,1
"1060",0.000116513271104651,1.93654100293294,11.9754910584578,8,150,149,-5.5,1,1
"1061",0.000116513271104651,1.93654100293294,11.9754910584578,8,150,149,-11.5,0,1
"1062",0.000116513271104651,1.93654100293294,11.9754910584578,8,150,149,-10.5,0,1
"1063",0.000116513271104651,1.93654100293294,11.9754910584578,8,150,149,10.5,1,1
"1064",0.000116513271104651,1.93654100293294,11.9754910584578,8,150,149,-10.5,0,1
"1065",0.000116513271104651,1.93654100293294,11.9754910584578,8,150,149,10.5,1,1
"1066",0.000116513271104651,1.93654100293294,11.9754910584578,8,150,149,-9.5,0,1
"1067",0.000116513271104651,1.93654100293294,11.9754910584578,8,150,149,9.5,1,1
"1068",0.000116513271104651,1.93654100293294,11.9754910584578,8,150,149,-8.5,1,1
"1069",0.000116513271104651,1.93654100293294,11.9754910584578,8,150,149,-13.5,0,1
"1070",0.000116513271104651,1.93654100293294,11.9754910584578,8,150,149,-12.5,0,1
"1071",0.000116513271104651,1.93654100293294,11.9754910584578,8,150,149,9.5,1,1
"1072",0.000116513271104651,1.93654100293294,11.9754910584578,8,150,149,-12.5,0,1
"1073",0.000116513271104651,1.93654100293294,11.9754910584578,8,150,149,8.5,1,1
"1074",0.000116513271104651,1.93654100293294,11.9754910584578,8,150,149,-11.5,0,1
"1075",0.000116513271104651,1.93654100293294,11.9754910584578,8,150,149,7.5,1,1
"1076",0.000116513271104651,1.93654100293294,11.9754910584578,8,150,149,7.5,0,1
"1077",0.000116513271104651,1.93654100293294,11.9754910584578,8,150,149,11.5,1,1
"1078",0.000116513271104651,1.93654100293294,11.9754910584578,8,150,149,-11.5,0,1
"1079",0.000116513271104651,1.93654100293294,11.9754910584578,8,150,149,10.5,1,1
"1080",0.000116513271104651,1.93654100293294,11.9754910584578,8,150,149,-10.5,0,1
"1081",0.000116513271104651,1.93654100293294,11.9754910584578,8,150,149,9.5,1,1
"1082",0.000116513271104651,1.93654100293294,11.9754910584578,8,150,149,-9.5,0,1
"1083",0.000116513271104651,1.93654100293294,11.9754910584578,8,150,149,-8.5,1,1
"1084",0.000116513271104651,1.93654100293294,11.9754910584578,8,150,149,9.5,0,1
"1085",0.000116513271104651,1.93654100293294,11.9754910584578,8,150,149,13.5,1,1
"1086",0.000116513271104651,1.93654100293294,11.9754910584578,8,150,149,-13.5,0,1
"1087",0.000116513271104651,1.93654100293294,11.9754910584578,8,150,149,12.5,1,1
"1088",0.000116513271104651,1.93654100293294,11.9754910584578,8,150,149,-12.5,0,1
"1089",0.000116513271104651,1.93654100293294,11.9754910584578,8,150,149,11.5,1,1
"1090",0.000116513271104651,1.93654100293294,11.9754910584578,8,150,149,-11.5,0,1
"1091",0.000116513271104651,1.93654100293294,11.9754910584578,8,150,149,10.5,1,1
"1092",0.000116513271104651,1.93654100293294,11.9754910584578,8,150,149,-10.5,0,1
"1093",0.000116513271104651,1.93654100293294,11.9754910584578,8,150,149,10.5,0,1
"1094",0.000116513271104651,1.93654100293294,11.9754910584578,8,150,149,13.5,0,1
"1095",0.000116513271104651,1.93654100293294,11.9754910584578,8,150,149,16.5,1,1
"1096",0.000116513271104651,1.93654100293294,11.9754910584578,8,150,149,15.5,1,1
"1097",0.000116513271104651,1.93654100293294,11.9754910584578,8,150,149,-12.5,0,1
"1098",0.000116513271104651,1.93654100293294,11.9754910584578,8,150,149,-11.5,1,1
"1099",0.000116513271104651,1.93654100293294,11.9754910584578,8,150,149,-14.5,0,1
"1100",0.000116513271104651,1.93654100293294,11.9754910584578,8,150,149,15.5,1,1
"1101",0.000116513271104651,1.93654100293294,11.9754910584578,8,150,149,-13.5,0,1
"1102",0.000116513271104651,1.93654100293294,11.9754910584578,8,150,149,15.5,1,1
"1103",0.000116513271104651,1.93654100293294,11.9754910584578,8,150,149,-13.5,0,1
"1104",0.000116513271104651,1.93654100293294,11.9754910584578,8,150,149,14.5,1,1
"1105",0.000116513271104651,1.93654100293294,11.9754910584578,8,150,149,-12.5,0,1
"1106",0.000116513271104651,1.93654100293294,11.9754910584578,8,150,149,14.5,1,1
"1107",0.000116513271104651,1.93654100293294,11.9754910584578,8,150,149,-12.5,0,1
"1108",0.000116513271104651,1.93654100293294,11.9754910584578,8,150,149,13.5,1,1
"1109",0.000116513271104651,1.93654100293294,11.9754910584578,8,150,149,-11.5,0,1
"1110",0.000116513271104651,1.93654100293294,11.9754910584578,8,150,149,12.5,1,1
"1111",0.000116513271104651,1.93654100293294,11.9754910584578,8,150,149,-11.5,1,1
"1112",0.000116513271104651,1.93654100293294,11.9754910584578,8,150,149,-13.5,0,1
"1113",0.000116513271104651,1.93654100293294,11.9754910584578,8,150,149,13.5,1,1
"1114",0.000116513271104651,1.93654100293294,11.9754910584578,8,150,149,-12.5,0,1
"1115",0.000116513271104651,1.93654100293294,11.9754910584578,8,150,149,12.5,0,1
"1116",0.000116513271104651,1.93654100293294,11.9754910584578,8,150,149,14.5,0,1
"1117",0.000116513271104651,1.93654100293294,11.9754910584578,8,150,149,17.5,0,1
"1118",0.000116513271104651,1.93654100293294,11.9754910584578,8,150,149,19.5,1,1
"1119",0.000116513271104651,1.93654100293294,11.9754910584578,8,150,149,19.5,1,1
"1120",0.000116513271104651,1.93654100293294,11.9754910584578,8,150,149,-14.5,0,1
"1121",0.000116513271104651,1.93654100293294,11.9754910584578,8,150,149,18.5,1,1
"1122",0.000116513271104651,1.93654100293294,11.9754910584578,8,150,149,-14.5,0,1
"1123",0.000116513271104651,1.93654100293294,11.9754910584578,8,150,149,18.5,1,1
"1124",0.000116513271104651,1.93654100293294,11.9754910584578,8,150,149,-13.5,0,1
"1125",0.000116513271104651,1.93654100293294,11.9754910584578,8,150,149,17.5,0,1
"1126",0.000116513271104651,1.93654100293294,11.9754910584578,8,150,149,19.5,1,1
"1127",0.000116513271104651,1.93654100293294,11.9754910584578,8,150,149,19.5,1,1
"1128",0.000116513271104651,1.93654100293294,11.9754910584578,8,150,149,-13.5,0,1
"1129",0.000116513271104651,1.93654100293294,11.9754910584578,8,150,149,19.5,1,1
"1130",0.000116513271104651,1.93654100293294,11.9754910584578,8,150,149,-13.5,0,1
"1131",0.000116513271104651,1.93654100293294,11.9754910584578,8,150,149,-13.5,0,1
"1132",0.000116513271104651,1.93654100293294,11.9754910584578,8,150,149,18.5,1,1
"1133",0.000116513271104651,1.93654100293294,11.9754910584578,8,150,149,-12.5,0,1
"1134",0.000116513271104651,1.93654100293294,11.9754910584578,8,150,149,18.5,1,1
"1135",0.000116513271104651,1.93654100293294,11.9754910584578,8,150,149,-12.5,0,1
"1136",0.000116513271104651,1.93654100293294,11.9754910584578,8,150,149,17.5,1,1
"1137",0.000116513271104651,1.93654100293294,11.9754910584578,8,150,149,-11.5,0,1
"1138",0.000116513271104651,1.93654100293294,11.9754910584578,8,150,149,17.5,1,1
"1139",0.000116513271104651,1.93654100293294,11.9754910584578,8,150,149,-11.5,0,1
"1140",0.000116513271104651,1.93654100293294,11.9754910584578,8,150,149,16.5,1,1
"1141",0.000116513271104651,1.93654100293294,11.9754910584578,8,150,149,-10.5,1,1
"1142",0.000116513271104651,1.93654100293294,11.9754910584578,8,150,149,-12.5,0,1
"1143",0.000116513271104651,1.93654100293294,11.9754910584578,8,150,149,16.5,1,1
"1144",0.000116513271104651,1.93654100293294,11.9754910584578,8,150,149,-12.5,1,1
"1145",0.000116513271104651,1.93654100293294,11.9754910584578,8,150,149,17.5,1,1
"1146",0.000116513271104651,1.93654100293294,11.9754910584578,8,150,149,-13.5,0,1
"1147",0.000116513271104651,1.93654100293294,11.9754910584578,8,150,149,16.5,1,1
"1148",0.000116513271104651,1.93654100293294,11.9754910584578,8,150,149,-13.5,0,1
"1149",0.000116513271104651,1.93654100293294,11.9754910584578,8,150,149,16.5,0,1
"1150",0.000116513271104651,1.93654100293294,11.9754910584578,8,150,149,-13.5,0,1
"1151",0.000116513271104651,1.93654100293294,11.9754910584578,8,150,149,17.5,1,1
"1152",0.000116513271104651,1.93654100293294,11.9754910584578,8,150,149,-13.5,0,1
"1153",0.000116513271104651,1.93654100293294,11.9754910584578,8,150,149,17.5,1,1
"1154",0.000116513271104651,1.93654100293294,11.9754910584578,8,150,149,-13.5,0,1
"1155",0.000116513271104651,1.93654100293294,11.9754910584578,8,150,149,17.5,1,1
"1156",0.000116513271104651,1.93654100293294,11.9754910584578,8,150,149,-12.5,0,1
"1157",0.000116513271104651,1.93654100293294,11.9754910584578,8,150,149,16.5,1,1
"1158",0.000116513271104651,1.93654100293294,11.9754910584578,8,150,149,-12.5,0,1
"1159",0.000116513271104651,1.93654100293294,11.9754910584578,8,150,149,16.5,1,1
"1160",0.000116513271104651,1.93654100293294,11.9754910584578,8,150,149,-11.5,0,1
"1161",0.000116513271104651,1.93654100293294,11.9754910584578,8,150,149,16.5,1,1
"1162",0.000116513271104651,1.93654100293294,11.9754910584578,8,150,149,-11.5,0,1
"1163",0.000116513271104651,1.93654100293294,11.9754910584578,8,150,149,15.5,1,1
"1164",0.000116513271104651,1.93654100293294,11.9754910584578,8,150,149,-11.5,0,1
"1165",0.000116513271104651,1.93654100293294,11.9754910584578,8,150,149,15.5,1,1
"1166",0.000116513271104651,1.93654100293294,11.9754910584578,8,150,149,-10.5,0,1
"1167",0.000116513271104651,1.93654100293294,11.9754910584578,8,150,149,15.5,1,1
"1168",0.000116513271104651,1.93654100293294,11.9754910584578,8,150,149,-10.5,0,1
"1169",0.000116513271104651,1.93654100293294,11.9754910584578,8,150,149,14.5,1,1
"1170",0.000116513271104651,1.93654100293294,11.9754910584578,8,150,149,-10.5,0,1
"1171",0.000116513271104651,1.93654100293294,11.9754910584578,8,150,149,14.5,1,1
"1172",0.000116513271104651,1.93654100293294,11.9754910584578,8,150,149,-10.5,0,1
"1173",0.000116513271104651,1.93654100293294,11.9754910584578,8,150,149,14.5,0,1
"1174",0.000116513271104651,1.93654100293294,11.9754910584578,8,150,149,-10.5,0,1
"1175",0.000116513271104651,1.93654100293294,11.9754910584578,8,150,149,15.5,1,1
"1176",0.000116513271104651,1.93654100293294,11.9754910584578,8,150,149,-9.5,1,1
"1177",0.000116513271104651,1.93654100293294,11.9754910584578,8,150,149,15.5,1,1
"1178",0.000116513271104651,1.93654100293294,11.9754910584578,8,150,149,-11.5,0,1
"1179",0.000116513271104651,1.93654100293294,11.9754910584578,8,150,149,15.5,1,1
"1180",0.000116513271104651,1.93654100293294,11.9754910584578,8,150,149,-10.5,0,1
"1181",0.000116513271104651,1.93654100293294,11.9754910584578,8,150,149,15.5,1,1
"1182",0.000116513271104651,1.93654100293294,11.9754910584578,8,150,149,-10.5,0,1
"1183",0.000116513271104651,1.93654100293294,11.9754910584578,8,150,149,14.5,1,1
"1184",0.000116513271104651,1.93654100293294,11.9754910584578,8,150,149,-10.5,0,1
"1185",0.000116513271104651,1.93654100293294,11.9754910584578,8,150,149,14.5,1,1
"1186",0.000116513271104651,1.93654100293294,11.9754910584578,8,150,149,-10.5,0,1
"1187",0.000116513271104651,1.93654100293294,11.9754910584578,8,150,149,14.5,1,1
"1188",0.000116513271104651,1.93654100293294,11.9754910584578,8,150,149,-9.5,1,1
"1189",0.000116513271104651,1.93654100293294,11.9754910584578,8,150,149,14.5,1,1
"1190",0.000116513271104651,1.93654100293294,11.9754910584578,8,150,149,-10.5,0,1
"1191",0.000116513271104651,1.93654100293294,11.9754910584578,8,150,149,14.5,1,1
"1192",0.000116513271104651,1.93654100293294,11.9754910584578,8,150,149,-10.5,0,1
"1193",0.000116513271104651,1.93654100293294,11.9754910584578,8,150,149,13.5,1,1
"1194",0.000116513271104651,1.93654100293294,11.9754910584578,8,150,149,-10.5,0,1
"1195",0.000116513271104651,1.93654100293294,11.9754910584578,8,150,149,13.5,1,1
"1196",0.000116513271104651,1.93654100293294,11.9754910584578,8,150,149,-10.5,0,1
"1197",0.000116513271104651,1.93654100293294,11.9754910584578,8,150,149,13.5,1,1
"1198",0.000116513271104651,1.93654100293294,11.9754910584578,8,150,149,-9.5,0,1
"1199",0.000116513271104651,1.93654100293294,11.9754910584578,8,150,149,13.5,1,1
"1200",0.000116513271104651,1.93654100293294,11.9754910584578,8,150,149,-9.5,0,1
"1201",0.0640181647399661,2.46535903306859,8.35563847754127,9,150,149,-0.5,0,1
"1202",0.0640181647399661,2.46535903306859,8.35563847754127,9,150,149,22.5,0,1
"1203",0.0640181647399661,2.46535903306859,8.35563847754127,9,150,149,34.5,1,1
"1204",0.0640181647399661,2.46535903306859,8.35563847754127,9,150,149,27.5,1,1
"1205",0.0640181647399661,2.46535903306859,8.35563847754127,9,150,149,19.5,1,1
"1206",0.0640181647399661,2.46535903306859,8.35563847754127,9,150,149,10.5,0,1
"1207",0.0640181647399661,2.46535903306859,8.35563847754127,9,150,149,14.5,1,1
"1208",0.0640181647399661,2.46535903306859,8.35563847754127,9,150,149,7.5,0,1
"1209",0.0640181647399661,2.46535903306859,8.35563847754127,9,150,149,24.5,1,1
"1210",0.0640181647399661,2.46535903306859,8.35563847754127,9,150,149,6.5,1,1
"1211",0.0640181647399661,2.46535903306859,8.35563847754127,9,150,149,1.5,1,1
"1212",0.0640181647399661,2.46535903306859,8.35563847754127,9,150,149,-3.5,0,1
"1213",0.0640181647399661,2.46535903306859,8.35563847754127,9,150,149,-2.5,0,1
"1214",0.0640181647399661,2.46535903306859,8.35563847754127,9,150,149,-1.5,1,1
"1215",0.0640181647399661,2.46535903306859,8.35563847754127,9,150,149,-4.5,1,1
"1216",0.0640181647399661,2.46535903306859,8.35563847754127,9,150,149,-6.5,0,1
"1217",0.0640181647399661,2.46535903306859,8.35563847754127,9,150,149,-6.5,0,1
"1218",0.0640181647399661,2.46535903306859,8.35563847754127,9,150,149,16.5,1,1
"1219",0.0640181647399661,2.46535903306859,8.35563847754127,9,150,149,-7.5,0,1
"1220",0.0640181647399661,2.46535903306859,8.35563847754127,9,150,149,18.5,1,1
"1221",0.0640181647399661,2.46535903306859,8.35563847754127,9,150,149,-8.5,1,1
"1222",0.0640181647399661,2.46535903306859,8.35563847754127,9,150,149,-10.5,0,1
"1223",0.0640181647399661,2.46535903306859,8.35563847754127,9,150,149,-10.5,0,1
"1224",0.0640181647399661,2.46535903306859,8.35563847754127,9,150,149,17.5,1,1
"1225",0.0640181647399661,2.46535903306859,8.35563847754127,9,150,149,-11.5,1,1
"1226",0.0640181647399661,2.46535903306859,8.35563847754127,9,150,149,-12.5,0,1
"1227",0.0640181647399661,2.46535903306859,8.35563847754127,9,150,149,-12.5,0,1
"1228",0.0640181647399661,2.46535903306859,8.35563847754127,9,150,149,16.5,1,1
"1229",0.0640181647399661,2.46535903306859,8.35563847754127,9,150,149,-13.5,0,1
"1230",0.0640181647399661,2.46535903306859,8.35563847754127,9,150,149,17.5,0,1
"1231",0.0640181647399661,2.46535903306859,8.35563847754127,9,150,149,18.5,1,1
"1232",0.0640181647399661,2.46535903306859,8.35563847754127,9,150,149,18.5,1,1
"1233",0.0640181647399661,2.46535903306859,8.35563847754127,9,150,149,-12.5,0,1
"1234",0.0640181647399661,2.46535903306859,8.35563847754127,9,150,149,19.5,1,1
"1235",0.0640181647399661,2.46535903306859,8.35563847754127,9,150,149,-12.5,1,1
"1236",0.0640181647399661,2.46535903306859,8.35563847754127,9,150,149,-13.5,0,1
"1237",0.0640181647399661,2.46535903306859,8.35563847754127,9,150,149,-13.5,0,1
"1238",0.0640181647399661,2.46535903306859,8.35563847754127,9,150,149,18.5,1,1
"1239",0.0640181647399661,2.46535903306859,8.35563847754127,9,150,149,-14.5,0,1
"1240",0.0640181647399661,2.46535903306859,8.35563847754127,9,150,149,19.5,1,1
"1241",0.0640181647399661,2.46535903306859,8.35563847754127,9,150,149,-14.5,0,1
"1242",0.0640181647399661,2.46535903306859,8.35563847754127,9,150,149,19.5,1,1
"1243",0.0640181647399661,2.46535903306859,8.35563847754127,9,150,149,-14.5,0,1
"1244",0.0640181647399661,2.46535903306859,8.35563847754127,9,150,149,19.5,1,1
"1245",0.0640181647399661,2.46535903306859,8.35563847754127,9,150,149,-14.5,0,1
"1246",0.0640181647399661,2.46535903306859,8.35563847754127,9,150,149,19.5,1,1
"1247",0.0640181647399661,2.46535903306859,8.35563847754127,9,150,149,18.5,1,1
"1248",0.0640181647399661,2.46535903306859,8.35563847754127,9,150,149,-14.5,0,1
"1249",0.0640181647399661,2.46535903306859,8.35563847754127,9,150,149,18.5,1,1
"1250",0.0640181647399661,2.46535903306859,8.35563847754127,9,150,149,-14.5,0,1
"1251",0.0640181647399661,2.46535903306859,8.35563847754127,9,150,149,18.5,1,1
"1252",0.0640181647399661,2.46535903306859,8.35563847754127,9,150,149,-14.5,0,1
"1253",0.0640181647399661,2.46535903306859,8.35563847754127,9,150,149,18.5,1,1
"1254",0.0640181647399661,2.46535903306859,8.35563847754127,9,150,149,-14.5,0,1
"1255",0.0640181647399661,2.46535903306859,8.35563847754127,9,150,149,17.5,1,1
"1256",0.0640181647399661,2.46535903306859,8.35563847754127,9,150,149,17.5,1,1
"1257",0.0640181647399661,2.46535903306859,8.35563847754127,9,150,149,-13.5,0,1
"1258",0.0640181647399661,2.46535903306859,8.35563847754127,9,150,149,16.5,1,1
"1259",0.0640181647399661,2.46535903306859,8.35563847754127,9,150,149,-13.5,0,1
"1260",0.0640181647399661,2.46535903306859,8.35563847754127,9,150,149,16.5,1,1
"1261",0.0640181647399661,2.46535903306859,8.35563847754127,9,150,149,15.5,1,1
"1262",0.0640181647399661,2.46535903306859,8.35563847754127,9,150,149,-12.5,0,1
"1263",0.0640181647399661,2.46535903306859,8.35563847754127,9,150,149,15.5,0,1
"1264",0.0640181647399661,2.46535903306859,8.35563847754127,9,150,149,-12.5,0,1
"1265",0.0640181647399661,2.46535903306859,8.35563847754127,9,150,149,-12.5,0,1
"1266",0.0640181647399661,2.46535903306859,8.35563847754127,9,150,149,17.5,1,1
"1267",0.0640181647399661,2.46535903306859,8.35563847754127,9,150,149,-11.5,0,1
"1268",0.0640181647399661,2.46535903306859,8.35563847754127,9,150,149,17.5,1,1
"1269",0.0640181647399661,2.46535903306859,8.35563847754127,9,150,149,-11.5,0,1
"1270",0.0640181647399661,2.46535903306859,8.35563847754127,9,150,149,16.5,1,1
"1271",0.0640181647399661,2.46535903306859,8.35563847754127,9,150,149,16.5,1,1
"1272",0.0640181647399661,2.46535903306859,8.35563847754127,9,150,149,-10.5,0,1
"1273",0.0640181647399661,2.46535903306859,8.35563847754127,9,150,149,15.5,1,1
"1274",0.0640181647399661,2.46535903306859,8.35563847754127,9,150,149,-10.5,0,1
"1275",0.0640181647399661,2.46535903306859,8.35563847754127,9,150,149,15.5,1,1
"1276",0.0640181647399661,2.46535903306859,8.35563847754127,9,150,149,15.5,1,1
"1277",0.0640181647399661,2.46535903306859,8.35563847754127,9,150,149,-9.5,0,1
"1278",0.0640181647399661,2.46535903306859,8.35563847754127,9,150,149,14.5,1,1
"1279",0.0640181647399661,2.46535903306859,8.35563847754127,9,150,149,-9.5,0,1
"1280",0.0640181647399661,2.46535903306859,8.35563847754127,9,150,149,14.5,1,1
"1281",0.0640181647399661,2.46535903306859,8.35563847754127,9,150,149,13.5,1,1
"1282",0.0640181647399661,2.46535903306859,8.35563847754127,9,150,149,-9.5,0,1
"1283",0.0640181647399661,2.46535903306859,8.35563847754127,9,150,149,13.5,1,1
"1284",0.0640181647399661,2.46535903306859,8.35563847754127,9,150,149,13.5,1,1
"1285",0.0640181647399661,2.46535903306859,8.35563847754127,9,150,149,-8.5,0,1
"1286",0.0640181647399661,2.46535903306859,8.35563847754127,9,150,149,12.5,1,1
"1287",0.0640181647399661,2.46535903306859,8.35563847754127,9,150,149,12.5,1,1
"1288",0.0640181647399661,2.46535903306859,8.35563847754127,9,150,149,-8.5,0,1
"1289",0.0640181647399661,2.46535903306859,8.35563847754127,9,150,149,12.5,1,1
"1290",0.0640181647399661,2.46535903306859,8.35563847754127,9,150,149,11.5,0,1
"1291",0.0640181647399661,2.46535903306859,8.35563847754127,9,150,149,-8.5,0,1
"1292",0.0640181647399661,2.46535903306859,8.35563847754127,9,150,149,-7.5,1,1
"1293",0.0640181647399661,2.46535903306859,8.35563847754127,9,150,149,-9.5,0,1
"1294",0.0640181647399661,2.46535903306859,8.35563847754127,9,150,149,-9.5,0,1
"1295",0.0640181647399661,2.46535903306859,8.35563847754127,9,150,149,13.5,1,1
"1296",0.0640181647399661,2.46535903306859,8.35563847754127,9,150,149,13.5,1,1
"1297",0.0640181647399661,2.46535903306859,8.35563847754127,9,150,149,-8.5,1,1
"1298",0.0640181647399661,2.46535903306859,8.35563847754127,9,150,149,13.5,1,1
"1299",0.0640181647399661,2.46535903306859,8.35563847754127,9,150,149,13.5,1,1
"1300",0.0640181647399661,2.46535903306859,8.35563847754127,9,150,149,-10.5,0,1
"1301",0.0640181647399661,2.46535903306859,8.35563847754127,9,150,149,12.5,1,1
"1302",0.0640181647399661,2.46535903306859,8.35563847754127,9,150,149,12.5,1,1
"1303",0.0640181647399661,2.46535903306859,8.35563847754127,9,150,149,-10.5,0,1
"1304",0.0640181647399661,2.46535903306859,8.35563847754127,9,150,149,12.5,1,1
"1305",0.0640181647399661,2.46535903306859,8.35563847754127,9,150,149,12.5,0,1
"1306",0.0640181647399661,2.46535903306859,8.35563847754127,9,150,149,-9.5,0,1
"1307",0.0640181647399661,2.46535903306859,8.35563847754127,9,150,149,-9.5,0,1
"1308",0.0640181647399661,2.46535903306859,8.35563847754127,9,150,149,-9.5,0,1
"1309",0.0640181647399661,2.46535903306859,8.35563847754127,9,150,149,-9.5,1,1
"1310",0.0640181647399661,2.46535903306859,8.35563847754127,9,150,149,13.5,1,1
"1311",0.0640181647399661,2.46535903306859,8.35563847754127,9,150,149,-10.5,0,1
"1312",0.0640181647399661,2.46535903306859,8.35563847754127,9,150,149,13.5,0,1
"1313",0.0640181647399661,2.46535903306859,8.35563847754127,9,150,149,-10.5,0,1
"1314",0.0640181647399661,2.46535903306859,8.35563847754127,9,150,149,-10.5,0,1
"1315",0.0640181647399661,2.46535903306859,8.35563847754127,9,150,149,14.5,0,1
"1316",0.0640181647399661,2.46535903306859,8.35563847754127,9,150,149,-10.5,0,1
"1317",0.0640181647399661,2.46535903306859,8.35563847754127,9,150,149,-10.5,0,1
"1318",0.0640181647399661,2.46535903306859,8.35563847754127,9,150,149,15.5,1,1
"1319",0.0640181647399661,2.46535903306859,8.35563847754127,9,150,149,-9.5,0,1
"1320",0.0640181647399661,2.46535903306859,8.35563847754127,9,150,149,15.5,0,1
"1321",0.0640181647399661,2.46535903306859,8.35563847754127,9,150,149,-9.5,0,1
"1322",0.0640181647399661,2.46535903306859,8.35563847754127,9,150,149,16.5,1,1
"1323",0.0640181647399661,2.46535903306859,8.35563847754127,9,150,149,-9.5,1,1
"1324",0.0640181647399661,2.46535903306859,8.35563847754127,9,150,149,16.5,1,1
"1325",0.0640181647399661,2.46535903306859,8.35563847754127,9,150,149,-10.5,0,1
"1326",0.0640181647399661,2.46535903306859,8.35563847754127,9,150,149,16.5,1,1
"1327",0.0640181647399661,2.46535903306859,8.35563847754127,9,150,149,-10.5,0,1
"1328",0.0640181647399661,2.46535903306859,8.35563847754127,9,150,149,16.5,1,1
"1329",0.0640181647399661,2.46535903306859,8.35563847754127,9,150,149,-10.5,0,1
"1330",0.0640181647399661,2.46535903306859,8.35563847754127,9,150,149,15.5,0,1
"1331",0.0640181647399661,2.46535903306859,8.35563847754127,9,150,149,-10.5,1,1
"1332",0.0640181647399661,2.46535903306859,8.35563847754127,9,150,149,17.5,1,1
"1333",0.0640181647399661,2.46535903306859,8.35563847754127,9,150,149,-11.5,0,1
"1334",0.0640181647399661,2.46535903306859,8.35563847754127,9,150,149,17.5,1,1
"1335",0.0640181647399661,2.46535903306859,8.35563847754127,9,150,149,-11.5,0,1
"1336",0.0640181647399661,2.46535903306859,8.35563847754127,9,150,149,16.5,1,1
"1337",0.0640181647399661,2.46535903306859,8.35563847754127,9,150,149,-10.5,0,1
"1338",0.0640181647399661,2.46535903306859,8.35563847754127,9,150,149,16.5,1,1
"1339",0.0640181647399661,2.46535903306859,8.35563847754127,9,150,149,-10.5,0,1
"1340",0.0640181647399661,2.46535903306859,8.35563847754127,9,150,149,16.5,1,1
"1341",0.0640181647399661,2.46535903306859,8.35563847754127,9,150,149,-10.5,0,1
"1342",0.0640181647399661,2.46535903306859,8.35563847754127,9,150,149,16.5,1,1
"1343",0.0640181647399661,2.46535903306859,8.35563847754127,9,150,149,-10.5,0,1
"1344",0.0640181647399661,2.46535903306859,8.35563847754127,9,150,149,15.5,1,1
"1345",0.0640181647399661,2.46535903306859,8.35563847754127,9,150,149,-9.5,0,1
"1346",0.0640181647399661,2.46535903306859,8.35563847754127,9,150,149,15.5,1,1
"1347",0.0640181647399661,2.46535903306859,8.35563847754127,9,150,149,-9.5,0,1
"1348",0.0640181647399661,2.46535903306859,8.35563847754127,9,150,149,15.5,1,1
"1349",0.0640181647399661,2.46535903306859,8.35563847754127,9,150,149,-9.5,0,1
"1350",0.0640181647399661,2.46535903306859,8.35563847754127,9,150,149,15.5,0,1
"1351",0.0345244646621095,0.54861826557633,9.60360425694697,10,150,149,-0.5,0,1
"1352",0.0345244646621095,0.54861826557633,9.60360425694697,10,150,149,22.5,1,1
"1353",0.0345244646621095,0.54861826557633,9.60360425694697,10,150,149,10.5,1,1
"1354",0.0345244646621095,0.54861826557633,9.60360425694697,10,150,149,-1.5,0,1
"1355",0.0345244646621095,0.54861826557633,9.60360425694697,10,150,149,6.5,1,1
"1356",0.0345244646621095,0.54861826557633,9.60360425694697,10,150,149,2.5,0,1
"1357",0.0345244646621095,0.54861826557633,9.60360425694697,10,150,149,8.5,1,1
"1358",0.0345244646621095,0.54861826557633,9.60360425694697,10,150,149,0.5,0,1
"1359",0.0345244646621095,0.54861826557633,9.60360425694697,10,150,149,4.5,0,1
"1360",0.0345244646621095,0.54861826557633,9.60360425694697,10,150,149,9.5,1,1
"1361",0.0345244646621095,0.54861826557633,9.60360425694697,10,150,149,7.5,1,1
"1362",0.0345244646621095,0.54861826557633,9.60360425694697,10,150,149,3.5,1,1
"1363",0.0345244646621095,0.54861826557633,9.60360425694697,10,150,149,-1.5,0,1
"1364",0.0345244646621095,0.54861826557633,9.60360425694697,10,150,149,-0.5,1,1
"1365",0.0345244646621095,0.54861826557633,9.60360425694697,10,150,149,-5.5,0,1
"1366",0.0345244646621095,0.54861826557633,9.60360425694697,10,150,149,-4.5,0,1
"1367",0.0345244646621095,0.54861826557633,9.60360425694697,10,150,149,10.5,1,1
"1368",0.0345244646621095,0.54861826557633,9.60360425694697,10,150,149,-3.5,1,1
"1369",0.0345244646621095,0.54861826557633,9.60360425694697,10,150,149,-8.5,0,1
"1370",0.0345244646621095,0.54861826557633,9.60360425694697,10,150,149,-7.5,0,1
"1371",0.0345244646621095,0.54861826557633,9.60360425694697,10,150,149,11.5,1,1
"1372",0.0345244646621095,0.54861826557633,9.60360425694697,10,150,149,-7.5,1,1
"1373",0.0345244646621095,0.54861826557633,9.60360425694697,10,150,149,-11.5,0,1
"1374",0.0345244646621095,0.54861826557633,9.60360425694697,10,150,149,-11.5,0,1
"1375",0.0345244646621095,0.54861826557633,9.60360425694697,10,150,149,12.5,1,1
"1376",0.0345244646621095,0.54861826557633,9.60360425694697,10,150,149,-10.5,0,1
"1377",0.0345244646621095,0.54861826557633,9.60360425694697,10,150,149,11.5,1,1
"1378",0.0345244646621095,0.54861826557633,9.60360425694697,10,150,149,-9.5,0,1
"1379",0.0345244646621095,0.54861826557633,9.60360425694697,10,150,149,10.5,1,1
"1380",0.0345244646621095,0.54861826557633,9.60360425694697,10,150,149,-8.5,1,1
"1381",0.0345244646621095,0.54861826557633,9.60360425694697,10,150,149,-12.5,0,1
"1382",0.0345244646621095,0.54861826557633,9.60360425694697,10,150,149,-11.5,0,1
"1383",0.0345244646621095,0.54861826557633,9.60360425694697,10,150,149,11.5,1,1
"1384",0.0345244646621095,0.54861826557633,9.60360425694697,10,150,149,-11.5,1,1
"1385",0.0345244646621095,0.54861826557633,9.60360425694697,10,150,149,-14.5,0,1
"1386",0.0345244646621095,0.54861826557633,9.60360425694697,10,150,149,12.5,1,1
"1387",0.0345244646621095,0.54861826557633,9.60360425694697,10,150,149,-14.5,0,1
"1388",0.0345244646621095,0.54861826557633,9.60360425694697,10,150,149,11.5,1,1
"1389",0.0345244646621095,0.54861826557633,9.60360425694697,10,150,149,-13.5,0,1
"1390",0.0345244646621095,0.54861826557633,9.60360425694697,10,150,149,10.5,1,1
"1391",0.0345244646621095,0.54861826557633,9.60360425694697,10,150,149,-12.5,0,1
"1392",0.0345244646621095,0.54861826557633,9.60360425694697,10,150,149,10.5,1,1
"1393",0.0345244646621095,0.54861826557633,9.60360425694697,10,150,149,-11.5,0,1
"1394",0.0345244646621095,0.54861826557633,9.60360425694697,10,150,149,9.5,1,1
"1395",0.0345244646621095,0.54861826557633,9.60360425694697,10,150,149,-11.5,0,1
"1396",0.0345244646621095,0.54861826557633,9.60360425694697,10,150,149,8.5,1,1
"1397",0.0345244646621095,0.54861826557633,9.60360425694697,10,150,149,-10.5,0,1
"1398",0.0345244646621095,0.54861826557633,9.60360425694697,10,150,149,8.5,0,1
"1399",0.0345244646621095,0.54861826557633,9.60360425694697,10,150,149,10.5,1,1
"1400",0.0345244646621095,0.54861826557633,9.60360425694697,10,150,149,-10.5,0,1
"1401",0.0345244646621095,0.54861826557633,9.60360425694697,10,150,149,10.5,1,1
"1402",0.0345244646621095,0.54861826557633,9.60360425694697,10,150,149,-10.5,0,1
"1403",0.0345244646621095,0.54861826557633,9.60360425694697,10,150,149,9.5,1,1
"1404",0.0345244646621095,0.54861826557633,9.60360425694697,10,150,149,-9.5,0,1
"1405",0.0345244646621095,0.54861826557633,9.60360425694697,10,150,149,9.5,1,1
"1406",0.0345244646621095,0.54861826557633,9.60360425694697,10,150,149,-8.5,0,1
"1407",0.0345244646621095,0.54861826557633,9.60360425694697,10,150,149,-8.5,1,1
"1408",0.0345244646621095,0.54861826557633,9.60360425694697,10,150,149,9.5,1,1
"1409",0.0345244646621095,0.54861826557633,9.60360425694697,10,150,149,-10.5,0,1
"1410",0.0345244646621095,0.54861826557633,9.60360425694697,10,150,149,8.5,1,1
"1411",0.0345244646621095,0.54861826557633,9.60360425694697,10,150,149,8.5,1,1
"1412",0.0345244646621095,0.54861826557633,9.60360425694697,10,150,149,-9.5,0,1
"1413",0.0345244646621095,0.54861826557633,9.60360425694697,10,150,149,7.5,1,1
"1414",0.0345244646621095,0.54861826557633,9.60360425694697,10,150,149,-9.5,0,1
"1415",0.0345244646621095,0.54861826557633,9.60360425694697,10,150,149,7.5,1,1
"1416",0.0345244646621095,0.54861826557633,9.60360425694697,10,150,149,-9.5,0,1
"1417",0.0345244646621095,0.54861826557633,9.60360425694697,10,150,149,7.5,0,1
"1418",0.0345244646621095,0.54861826557633,9.60360425694697,10,150,149,-9.5,0,1
"1419",0.0345244646621095,0.54861826557633,9.60360425694697,10,150,149,8.5,1,1
"1420",0.0345244646621095,0.54861826557633,9.60360425694697,10,150,149,-8.5,0,1
"1421",0.0345244646621095,0.54861826557633,9.60360425694697,10,150,149,8.5,1,1
"1422",0.0345244646621095,0.54861826557633,9.60360425694697,10,150,149,-8.5,0,1
"1423",0.0345244646621095,0.54861826557633,9.60360425694697,10,150,149,-8.5,0,1
"1424",0.0345244646621095,0.54861826557633,9.60360425694697,10,150,149,7.5,1,1
"1425",0.0345244646621095,0.54861826557633,9.60360425694697,10,150,149,-7.5,0,1
"1426",0.0345244646621095,0.54861826557633,9.60360425694697,10,150,149,7.5,1,1
"1427",0.0345244646621095,0.54861826557633,9.60360425694697,10,150,149,-7.5,0,1
"1428",0.0345244646621095,0.54861826557633,9.60360425694697,10,150,149,7.5,1,1
"1429",0.0345244646621095,0.54861826557633,9.60360425694697,10,150,149,-7.5,0,1
"1430",0.0345244646621095,0.54861826557633,9.60360425694697,10,150,149,-7.5,0,1
"1431",0.0345244646621095,0.54861826557633,9.60360425694697,10,150,149,6.5,0,1
"1432",0.0345244646621095,0.54861826557633,9.60360425694697,10,150,149,-7.5,0,1
"1433",0.0345244646621095,0.54861826557633,9.60360425694697,10,150,149,-6.5,0,1
"1434",0.0345244646621095,0.54861826557633,9.60360425694697,10,150,149,8.5,0,1
"1435",0.0345244646621095,0.54861826557633,9.60360425694697,10,150,149,9.5,1,1
"1436",0.0345244646621095,0.54861826557633,9.60360425694697,10,150,149,-6.5,0,1
"1437",0.0345244646621095,0.54861826557633,9.60360425694697,10,150,149,-6.5,1,1
"1438",0.0345244646621095,0.54861826557633,9.60360425694697,10,150,149,9.5,1,1
"1439",0.0345244646621095,0.54861826557633,9.60360425694697,10,150,149,9.5,1,1
"1440",0.0345244646621095,0.54861826557633,9.60360425694697,10,150,149,8.5,0,1
"1441",0.0345244646621095,0.54861826557633,9.60360425694697,10,150,149,9.5,0,1
"1442",0.0345244646621095,0.54861826557633,9.60360425694697,10,150,149,11.5,0,1
"1443",0.0345244646621095,0.54861826557633,9.60360425694697,10,150,149,12.5,1,1
"1444",0.0345244646621095,0.54861826557633,9.60360425694697,10,150,149,12.5,1,1
"1445",0.0345244646621095,0.54861826557633,9.60360425694697,10,150,149,-8.5,0,1
"1446",0.0345244646621095,0.54861826557633,9.60360425694697,10,150,149,11.5,1,1
"1447",0.0345244646621095,0.54861826557633,9.60360425694697,10,150,149,-8.5,0,1
"1448",0.0345244646621095,0.54861826557633,9.60360425694697,10,150,149,-8.5,0,1
"1449",0.0345244646621095,0.54861826557633,9.60360425694697,10,150,149,11.5,1,1
"1450",0.0345244646621095,0.54861826557633,9.60360425694697,10,150,149,-8.5,0,1
"1451",0.0345244646621095,0.54861826557633,9.60360425694697,10,150,149,11.5,1,1
"1452",0.0345244646621095,0.54861826557633,9.60360425694697,10,150,149,-7.5,0,1
"1453",0.0345244646621095,0.54861826557633,9.60360425694697,10,150,149,-7.5,0,1
"1454",0.0345244646621095,0.54861826557633,9.60360425694697,10,150,149,10.5,0,1
"1455",0.0345244646621095,0.54861826557633,9.60360425694697,10,150,149,11.5,1,1
"1456",0.0345244646621095,0.54861826557633,9.60360425694697,10,150,149,-7.5,0,1
"1457",0.0345244646621095,0.54861826557633,9.60360425694697,10,150,149,11.5,1,1
"1458",0.0345244646621095,0.54861826557633,9.60360425694697,10,150,149,-7.5,0,1
"1459",0.0345244646621095,0.54861826557633,9.60360425694697,10,150,149,-7.5,0,1
"1460",0.0345244646621095,0.54861826557633,9.60360425694697,10,150,149,11.5,0,1
"1461",0.0345244646621095,0.54861826557633,9.60360425694697,10,150,149,12.5,1,1
"1462",0.0345244646621095,0.54861826557633,9.60360425694697,10,150,149,12.5,1,1
"1463",0.0345244646621095,0.54861826557633,9.60360425694697,10,150,149,-7.5,0,1
"1464",0.0345244646621095,0.54861826557633,9.60360425694697,10,150,149,-7.5,0,1
"1465",0.0345244646621095,0.54861826557633,9.60360425694697,10,150,149,11.5,1,1
"1466",0.0345244646621095,0.54861826557633,9.60360425694697,10,150,149,-6.5,0,1
"1467",0.0345244646621095,0.54861826557633,9.60360425694697,10,150,149,-6.5,0,1
"1468",0.0345244646621095,0.54861826557633,9.60360425694697,10,150,149,11.5,1,1
"1469",0.0345244646621095,0.54861826557633,9.60360425694697,10,150,149,-6.5,0,1
"1470",0.0345244646621095,0.54861826557633,9.60360425694697,10,150,149,-6.5,0,1
"1471",0.0345244646621095,0.54861826557633,9.60360425694697,10,150,149,-6.5,0,1
"1472",0.0345244646621095,0.54861826557633,9.60360425694697,10,150,149,11.5,1,1
"1473",0.0345244646621095,0.54861826557633,9.60360425694697,10,150,149,-6.5,0,1
"1474",0.0345244646621095,0.54861826557633,9.60360425694697,10,150,149,-5.5,0,1
"1475",0.0345244646621095,0.54861826557633,9.60360425694697,10,150,149,11.5,1,1
"1476",0.0345244646621095,0.54861826557633,9.60360425694697,10,150,149,-5.5,0,1
"1477",0.0345244646621095,0.54861826557633,9.60360425694697,10,150,149,-5.5,0,1
"1478",0.0345244646621095,0.54861826557633,9.60360425694697,10,150,149,-5.5,0,1
"1479",0.0345244646621095,0.54861826557633,9.60360425694697,10,150,149,-5.5,0,1
"1480",0.0345244646621095,0.54861826557633,9.60360425694697,10,150,149,11.5,1,1
"1481",0.0345244646621095,0.54861826557633,9.60360425694697,10,150,149,-5.5,1,1
"1482",0.0345244646621095,0.54861826557633,9.60360425694697,10,150,149,10.5,1,1
"1483",0.0345244646621095,0.54861826557633,9.60360425694697,10,150,149,10.5,0,1
"1484",0.0345244646621095,0.54861826557633,9.60360425694697,10,150,149,11.5,1,1
"1485",0.0345244646621095,0.54861826557633,9.60360425694697,10,150,149,11.5,1,1
"1486",0.0345244646621095,0.54861826557633,9.60360425694697,10,150,149,11.5,1,1
"1487",0.0345244646621095,0.54861826557633,9.60360425694697,10,150,149,-5.5,0,1
"1488",0.0345244646621095,0.54861826557633,9.60360425694697,10,150,149,-5.5,0,1
"1489",0.0345244646621095,0.54861826557633,9.60360425694697,10,150,149,-5.5,0,1
"1490",0.0345244646621095,0.54861826557633,9.60360425694697,10,150,149,11.5,1,1
"1491",0.0345244646621095,0.54861826557633,9.60360425694697,10,150,149,-5.5,1,1
"1492",0.0345244646621095,0.54861826557633,9.60360425694697,10,150,149,11.5,0,1
"1493",0.0345244646621095,0.54861826557633,9.60360425694697,10,150,149,11.5,1,1
"1494",0.0345244646621095,0.54861826557633,9.60360425694697,10,150,149,11.5,0,1
"1495",0.0345244646621095,0.54861826557633,9.60360425694697,10,150,149,12.5,1,1
"1496",0.0345244646621095,0.54861826557633,9.60360425694697,10,150,149,12.5,1,1
"1497",0.0345244646621095,0.54861826557633,9.60360425694697,10,150,149,12.5,1,1
"1498",0.0345244646621095,0.54861826557633,9.60360425694697,10,150,149,-6.5,0,1
"1499",0.0345244646621095,0.54861826557633,9.60360425694697,10,150,149,-6.5,0,1
"1500",0.0345244646621095,0.54861826557633,9.60360425694697,10,150,149,12.5,1,1
"1501",0.0461091645195358,21.7356701062017,9.27974158330147,1,150,149,-0.5,0,2
"1502",0.0461091645195358,21.7356701062017,9.27974158330147,1,150,149,22.5,0,2
"1503",0.0461091645195358,21.7356701062017,9.27974158330147,1,150,149,34.5,1,2
"1504",0.0461091645195358,21.7356701062017,9.27974158330147,1,150,149,27.5,1,2
"1505",0.0461091645195358,21.7356701062017,9.27974158330147,1,150,149,19.5,0,2
"1506",0.0461091645195358,21.7356701062017,9.27974158330147,1,150,149,29.5,1,2
"1507",0.0461091645195358,21.7356701062017,9.27974158330147,1,150,149,20.5,1,2
"1508",0.0461091645195358,21.7356701062017,9.27974158330147,1,150,149,13.5,0,2
"1509",0.0461091645195358,21.7356701062017,9.27974158330147,1,150,149,14.5,0,2
"1510",0.0461091645195358,21.7356701062017,9.27974158330147,1,150,149,29.5,1,2
"1511",0.0461091645195358,21.7356701062017,9.27974158330147,1,150,149,15.5,0,2
"1512",0.0461091645195358,21.7356701062017,9.27974158330147,1,150,149,28.5,1,2
"1513",0.0461091645195358,21.7356701062017,9.27974158330147,1,150,149,16.5,0,2
"1514",0.0461091645195358,21.7356701062017,9.27974158330147,1,150,149,25.5,1,2
"1515",0.0461091645195358,21.7356701062017,9.27974158330147,1,150,149,17.5,0,2
"1516",0.0461091645195358,21.7356701062017,9.27974158330147,1,150,149,25.5,1,2
"1517",0.0461091645195358,21.7356701062017,9.27974158330147,1,150,149,23.5,1,2
"1518",0.0461091645195358,21.7356701062017,9.27974158330147,1,150,149,17.5,1,2
"1519",0.0461091645195358,21.7356701062017,9.27974158330147,1,150,149,13.5,0,2
"1520",0.0461091645195358,21.7356701062017,9.27974158330147,1,150,149,14.5,0,2
"1521",0.0461091645195358,21.7356701062017,9.27974158330147,1,150,149,25.5,1,2
"1522",0.0461091645195358,21.7356701062017,9.27974158330147,1,150,149,15.5,0,2
"1523",0.0461091645195358,21.7356701062017,9.27974158330147,1,150,149,24.5,1,2
"1524",0.0461091645195358,21.7356701062017,9.27974158330147,1,150,149,16.5,0,2
"1525",0.0461091645195358,21.7356701062017,9.27974158330147,1,150,149,23.5,1,2
"1526",0.0461091645195358,21.7356701062017,9.27974158330147,1,150,149,23.5,0,2
"1527",0.0461091645195358,21.7356701062017,9.27974158330147,1,150,149,16.5,1,2
"1528",0.0461091645195358,21.7356701062017,9.27974158330147,1,150,149,13.5,1,2
"1529",0.0461091645195358,21.7356701062017,9.27974158330147,1,150,149,9.5,0,2
"1530",0.0461091645195358,21.7356701062017,9.27974158330147,1,150,149,10.5,0,2
"1531",0.0461091645195358,21.7356701062017,9.27974158330147,1,150,149,28.5,1,2
"1532",0.0461091645195358,21.7356701062017,9.27974158330147,1,150,149,11.5,1,2
"1533",0.0461091645195358,21.7356701062017,9.27974158330147,1,150,149,7.5,0,2
"1534",0.0461091645195358,21.7356701062017,9.27974158330147,1,150,149,8.5,0,2
"1535",0.0461091645195358,21.7356701062017,9.27974158330147,1,150,149,29.5,1,2
"1536",0.0461091645195358,21.7356701062017,9.27974158330147,1,150,149,9.5,0,2
"1537",0.0461091645195358,21.7356701062017,9.27974158330147,1,150,149,28.5,1,2
"1538",0.0461091645195358,21.7356701062017,9.27974158330147,1,150,149,9.5,0,2
"1539",0.0461091645195358,21.7356701062017,9.27974158330147,1,150,149,27.5,1,2
"1540",0.0461091645195358,21.7356701062017,9.27974158330147,1,150,149,10.5,0,2
"1541",0.0461091645195358,21.7356701062017,9.27974158330147,1,150,149,26.5,0,2
"1542",0.0461091645195358,21.7356701062017,9.27974158330147,1,150,149,29.5,1,2
"1543",0.0461091645195358,21.7356701062017,9.27974158330147,1,150,149,10.5,0,2
"1544",0.0461091645195358,21.7356701062017,9.27974158330147,1,150,149,28.5,1,2
"1545",0.0461091645195358,21.7356701062017,9.27974158330147,1,150,149,10.5,1,2
"1546",0.0461091645195358,21.7356701062017,9.27974158330147,1,150,149,8.5,0,2
"1547",0.0461091645195358,21.7356701062017,9.27974158330147,1,150,149,29.5,1,2
"1548",0.0461091645195358,21.7356701062017,9.27974158330147,1,150,149,8.5,0,2
"1549",0.0461091645195358,21.7356701062017,9.27974158330147,1,150,149,28.5,1,2
"1550",0.0461091645195358,21.7356701062017,9.27974158330147,1,150,149,9.5,0,2
"1551",0.0461091645195358,21.7356701062017,9.27974158330147,1,150,149,28.5,1,2
"1552",0.0461091645195358,21.7356701062017,9.27974158330147,1,150,149,9.5,0,2
"1553",0.0461091645195358,21.7356701062017,9.27974158330147,1,150,149,27.5,0,2
"1554",0.0461091645195358,21.7356701062017,9.27974158330147,1,150,149,29.5,1,2
"1555",0.0461091645195358,21.7356701062017,9.27974158330147,1,150,149,9.5,0,2
"1556",0.0461091645195358,21.7356701062017,9.27974158330147,1,150,149,29.5,0,2
"1557",0.0461091645195358,21.7356701062017,9.27974158330147,1,150,149,31.5,1,2
"1558",0.0461091645195358,21.7356701062017,9.27974158330147,1,150,149,31.5,1,2
"1559",0.0461091645195358,21.7356701062017,9.27974158330147,1,150,149,9.5,0,2
"1560",0.0461091645195358,21.7356701062017,9.27974158330147,1,150,149,9.5,0,2
"1561",0.0461091645195358,21.7356701062017,9.27974158330147,1,150,149,30.5,1,2
"1562",0.0461091645195358,21.7356701062017,9.27974158330147,1,150,149,10.5,0,2
"1563",0.0461091645195358,21.7356701062017,9.27974158330147,1,150,149,29.5,1,2
"1564",0.0461091645195358,21.7356701062017,9.27974158330147,1,150,149,10.5,0,2
"1565",0.0461091645195358,21.7356701062017,9.27974158330147,1,150,149,29.5,1,2
"1566",0.0461091645195358,21.7356701062017,9.27974158330147,1,150,149,11.5,0,2
"1567",0.0461091645195358,21.7356701062017,9.27974158330147,1,150,149,28.5,1,2
"1568",0.0461091645195358,21.7356701062017,9.27974158330147,1,150,149,11.5,0,2
"1569",0.0461091645195358,21.7356701062017,9.27974158330147,1,150,149,28.5,1,2
"1570",0.0461091645195358,21.7356701062017,9.27974158330147,1,150,149,11.5,0,2
"1571",0.0461091645195358,21.7356701062017,9.27974158330147,1,150,149,28.5,1,2
"1572",0.0461091645195358,21.7356701062017,9.27974158330147,1,150,149,12.5,0,2
"1573",0.0461091645195358,21.7356701062017,9.27974158330147,1,150,149,27.5,1,2
"1574",0.0461091645195358,21.7356701062017,9.27974158330147,1,150,149,12.5,0,2
"1575",0.0461091645195358,21.7356701062017,9.27974158330147,1,150,149,12.5,0,2
"1576",0.0461091645195358,21.7356701062017,9.27974158330147,1,150,149,27.5,0,2
"1577",0.0461091645195358,21.7356701062017,9.27974158330147,1,150,149,28.5,1,2
"1578",0.0461091645195358,21.7356701062017,9.27974158330147,1,150,149,12.5,1,2
"1579",0.0461091645195358,21.7356701062017,9.27974158330147,1,150,149,28.5,1,2
"1580",0.0461091645195358,21.7356701062017,9.27974158330147,1,150,149,11.5,0,2
"1581",0.0461091645195358,21.7356701062017,9.27974158330147,1,150,149,28.5,1,2
"1582",0.0461091645195358,21.7356701062017,9.27974158330147,1,150,149,11.5,1,2
"1583",0.0461091645195358,21.7356701062017,9.27974158330147,1,150,149,28.5,0,2
"1584",0.0461091645195358,21.7356701062017,9.27974158330147,1,150,149,9.5,0,2
"1585",0.0461091645195358,21.7356701062017,9.27974158330147,1,150,149,29.5,1,2
"1586",0.0461091645195358,21.7356701062017,9.27974158330147,1,150,149,10.5,0,2
"1587",0.0461091645195358,21.7356701062017,9.27974158330147,1,150,149,29.5,1,2
"1588",0.0461091645195358,21.7356701062017,9.27974158330147,1,150,149,10.5,0,2
"1589",0.0461091645195358,21.7356701062017,9.27974158330147,1,150,149,29.5,1,2
"1590",0.0461091645195358,21.7356701062017,9.27974158330147,1,150,149,10.5,0,2
"1591",0.0461091645195358,21.7356701062017,9.27974158330147,1,150,149,29.5,1,2
"1592",0.0461091645195358,21.7356701062017,9.27974158330147,1,150,149,11.5,1,2
"1593",0.0461091645195358,21.7356701062017,9.27974158330147,1,150,149,29.5,0,2
"1594",0.0461091645195358,21.7356701062017,9.27974158330147,1,150,149,9.5,0,2
"1595",0.0461091645195358,21.7356701062017,9.27974158330147,1,150,149,30.5,1,2
"1596",0.0461091645195358,21.7356701062017,9.27974158330147,1,150,149,9.5,0,2
"1597",0.0461091645195358,21.7356701062017,9.27974158330147,1,150,149,30.5,0,2
"1598",0.0461091645195358,21.7356701062017,9.27974158330147,1,150,149,31.5,1,2
"1599",0.0461091645195358,21.7356701062017,9.27974158330147,1,150,149,31.5,0,2
"1600",0.0461091645195358,21.7356701062017,9.27974158330147,1,150,149,32.5,1,2
"1601",0.0461091645195358,21.7356701062017,9.27974158330147,1,150,149,9.5,0,2
"1602",0.0461091645195358,21.7356701062017,9.27974158330147,1,150,149,32.5,1,2
"1603",0.0461091645195358,21.7356701062017,9.27974158330147,1,150,149,9.5,0,2
"1604",0.0461091645195358,21.7356701062017,9.27974158330147,1,150,149,31.5,0,2
"1605",0.0461091645195358,21.7356701062017,9.27974158330147,1,150,149,33.5,0,2
"1606",0.0461091645195358,21.7356701062017,9.27974158330147,1,150,149,34.5,0,2
"1607",0.0461091645195358,21.7356701062017,9.27974158330147,1,150,149,36.5,1,2
"1608",0.0461091645195358,21.7356701062017,9.27974158330147,1,150,149,35.5,1,2
"1609",0.0461091645195358,21.7356701062017,9.27974158330147,1,150,149,35.5,1,2
"1610",0.0461091645195358,21.7356701062017,9.27974158330147,1,150,149,35.5,1,2
"1611",0.0461091645195358,21.7356701062017,9.27974158330147,1,150,149,8.5,0,2
"1612",0.0461091645195358,21.7356701062017,9.27974158330147,1,150,149,8.5,1,2
"1613",0.0461091645195358,21.7356701062017,9.27974158330147,1,150,149,6.5,0,2
"1614",0.0461091645195358,21.7356701062017,9.27974158330147,1,150,149,35.5,1,2
"1615",0.0461091645195358,21.7356701062017,9.27974158330147,1,150,149,7.5,1,2
"1616",0.0461091645195358,21.7356701062017,9.27974158330147,1,150,149,5.5,1,2
"1617",0.0461091645195358,21.7356701062017,9.27974158330147,1,150,149,4.5,0,2
"1618",0.0461091645195358,21.7356701062017,9.27974158330147,1,150,149,37.5,0,2
"1619",0.0461091645195358,21.7356701062017,9.27974158330147,1,150,149,38.5,1,2
"1620",0.0461091645195358,21.7356701062017,9.27974158330147,1,150,149,38.5,1,2
"1621",0.0461091645195358,21.7356701062017,9.27974158330147,1,150,149,3.5,0,2
"1622",0.0461091645195358,21.7356701062017,9.27974158330147,1,150,149,38.5,1,2
"1623",0.0461091645195358,21.7356701062017,9.27974158330147,1,150,149,3.5,0,2
"1624",0.0461091645195358,21.7356701062017,9.27974158330147,1,150,149,37.5,1,2
"1625",0.0461091645195358,21.7356701062017,9.27974158330147,1,150,149,4.5,0,2
"1626",0.0461091645195358,21.7356701062017,9.27974158330147,1,150,149,37.5,1,2
"1627",0.0461091645195358,21.7356701062017,9.27974158330147,1,150,149,4.5,0,2
"1628",0.0461091645195358,21.7356701062017,9.27974158330147,1,150,149,4.5,0,2
"1629",0.0461091645195358,21.7356701062017,9.27974158330147,1,150,149,36.5,1,2
"1630",0.0461091645195358,21.7356701062017,9.27974158330147,1,150,149,5.5,0,2
"1631",0.0461091645195358,21.7356701062017,9.27974158330147,1,150,149,36.5,1,2
"1632",0.0461091645195358,21.7356701062017,9.27974158330147,1,150,149,5.5,1,2
"1633",0.0461091645195358,21.7356701062017,9.27974158330147,1,150,149,4.5,0,2
"1634",0.0461091645195358,21.7356701062017,9.27974158330147,1,150,149,36.5,1,2
"1635",0.0461091645195358,21.7356701062017,9.27974158330147,1,150,149,4.5,0,2
"1636",0.0461091645195358,21.7356701062017,9.27974158330147,1,150,149,36.5,1,2
"1637",0.0461091645195358,21.7356701062017,9.27974158330147,1,150,149,4.5,1,2
"1638",0.0461091645195358,21.7356701062017,9.27974158330147,1,150,149,3.5,0,2
"1639",0.0461091645195358,21.7356701062017,9.27974158330147,1,150,149,3.5,0,2
"1640",0.0461091645195358,21.7356701062017,9.27974158330147,1,150,149,36.5,1,2
"1641",0.0461091645195358,21.7356701062017,9.27974158330147,1,150,149,3.5,0,2
"1642",0.0461091645195358,21.7356701062017,9.27974158330147,1,150,149,36.5,1,2
"1643",0.0461091645195358,21.7356701062017,9.27974158330147,1,150,149,4.5,0,2
"1644",0.0461091645195358,21.7356701062017,9.27974158330147,1,150,149,36.5,1,2
"1645",0.0461091645195358,21.7356701062017,9.27974158330147,1,150,149,4.5,0,2
"1646",0.0461091645195358,21.7356701062017,9.27974158330147,1,150,149,35.5,0,2
"1647",0.0461091645195358,21.7356701062017,9.27974158330147,1,150,149,37.5,0,2
"1648",0.0461091645195358,21.7356701062017,9.27974158330147,1,150,149,38.5,1,2
"1649",0.0461091645195358,21.7356701062017,9.27974158330147,1,150,149,38.5,1,2
"1650",0.0461091645195358,21.7356701062017,9.27974158330147,1,150,149,3.5,0,2
"1651",0.00908323743874624,4.64200593843018,12.5221479866293,2,150,149,-0.5,1,2
"1652",0.00908323743874624,4.64200593843018,12.5221479866293,2,150,149,-23.5,0,2
"1653",0.00908323743874624,4.64200593843018,12.5221479866293,2,150,149,-11.5,0,2
"1654",0.00908323743874624,4.64200593843018,12.5221479866293,2,150,149,0.5,0,2
"1655",0.00908323743874624,4.64200593843018,12.5221479866293,2,150,149,12.5,0,2
"1656",0.00908323743874624,4.64200593843018,12.5221479866293,2,150,149,23.5,0,2
"1657",0.00908323743874624,4.64200593843018,12.5221479866293,2,150,149,30.5,1,2
"1658",0.00908323743874624,4.64200593843018,12.5221479866293,2,150,149,21.5,1,2
"1659",0.00908323743874624,4.64200593843018,12.5221479866293,2,150,149,16.5,1,2
"1660",0.00908323743874624,4.64200593843018,12.5221479866293,2,150,149,11.5,0,2
"1661",0.00908323743874624,4.64200593843018,12.5221479866293,2,150,149,22.5,1,2
"1662",0.00908323743874624,4.64200593843018,12.5221479866293,2,150,149,8.5,0,2
"1663",0.00908323743874624,4.64200593843018,12.5221479866293,2,150,149,25.5,1,2
"1664",0.00908323743874624,4.64200593843018,12.5221479866293,2,150,149,6.5,0,2
"1665",0.00908323743874624,4.64200593843018,12.5221479866293,2,150,149,27.5,1,2
"1666",0.00908323743874624,4.64200593843018,12.5221479866293,2,150,149,6.5,0,2
"1667",0.00908323743874624,4.64200593843018,12.5221479866293,2,150,149,7.5,1,2
"1668",0.00908323743874624,4.64200593843018,12.5221479866293,2,150,149,26.5,1,2
"1669",0.00908323743874624,4.64200593843018,12.5221479866293,2,150,149,0.5,1,2
"1670",0.00908323743874624,4.64200593843018,12.5221479866293,2,150,149,-3.5,0,2
"1671",0.00908323743874624,4.64200593843018,12.5221479866293,2,150,149,-2.5,0,2
"1672",0.00908323743874624,4.64200593843018,12.5221479866293,2,150,149,25.5,1,2
"1673",0.00908323743874624,4.64200593843018,12.5221479866293,2,150,149,-3.5,0,2
"1674",0.00908323743874624,4.64200593843018,12.5221479866293,2,150,149,25.5,1,2
"1675",0.00908323743874624,4.64200593843018,12.5221479866293,2,150,149,-3.5,0,2
"1676",0.00908323743874624,4.64200593843018,12.5221479866293,2,150,149,25.5,1,2
"1677",0.00908323743874624,4.64200593843018,12.5221479866293,2,150,149,-3.5,0,2
"1678",0.00908323743874624,4.64200593843018,12.5221479866293,2,150,149,25.5,1,2
"1679",0.00908323743874624,4.64200593843018,12.5221479866293,2,150,149,-2.5,0,2
"1680",0.00908323743874624,4.64200593843018,12.5221479866293,2,150,149,24.5,1,2
"1681",0.00908323743874624,4.64200593843018,12.5221479866293,2,150,149,-2.5,1,2
"1682",0.00908323743874624,4.64200593843018,12.5221479866293,2,150,149,-5.5,1,2
"1683",0.00908323743874624,4.64200593843018,12.5221479866293,2,150,149,-8.5,0,2
"1684",0.00908323743874624,4.64200593843018,12.5221479866293,2,150,149,-7.5,0,2
"1685",0.00908323743874624,4.64200593843018,12.5221479866293,2,150,149,24.5,1,2
"1686",0.00908323743874624,4.64200593843018,12.5221479866293,2,150,149,-7.5,0,2
"1687",0.00908323743874624,4.64200593843018,12.5221479866293,2,150,149,23.5,1,2
"1688",0.00908323743874624,4.64200593843018,12.5221479866293,2,150,149,-7.5,0,2
"1689",0.00908323743874624,4.64200593843018,12.5221479866293,2,150,149,23.5,0,2
"1690",0.00908323743874624,4.64200593843018,12.5221479866293,2,150,149,26.5,1,2
"1691",0.00908323743874624,4.64200593843018,12.5221479866293,2,150,149,25.5,1,2
"1692",0.00908323743874624,4.64200593843018,12.5221479866293,2,150,149,-7.5,0,2
"1693",0.00908323743874624,4.64200593843018,12.5221479866293,2,150,149,25.5,1,2
"1694",0.00908323743874624,4.64200593843018,12.5221479866293,2,150,149,-6.5,0,2
"1695",0.00908323743874624,4.64200593843018,12.5221479866293,2,150,149,25.5,1,2
"1696",0.00908323743874624,4.64200593843018,12.5221479866293,2,150,149,-6.5,1,2
"1697",0.00908323743874624,4.64200593843018,12.5221479866293,2,150,149,-8.5,0,2
"1698",0.00908323743874624,4.64200593843018,12.5221479866293,2,150,149,-8.5,0,2
"1699",0.00908323743874624,4.64200593843018,12.5221479866293,2,150,149,25.5,1,2
"1700",0.00908323743874624,4.64200593843018,12.5221479866293,2,150,149,-8.5,1,2
"1701",0.00908323743874624,4.64200593843018,12.5221479866293,2,150,149,-10.5,0,2
"1702",0.00908323743874624,4.64200593843018,12.5221479866293,2,150,149,24.5,1,2
"1703",0.00908323743874624,4.64200593843018,12.5221479866293,2,150,149,-10.5,1,2
"1704",0.00908323743874624,4.64200593843018,12.5221479866293,2,150,149,-11.5,0,2
"1705",0.00908323743874624,4.64200593843018,12.5221479866293,2,150,149,24.5,1,2
"1706",0.00908323743874624,4.64200593843018,12.5221479866293,2,150,149,-11.5,1,2
"1707",0.00908323743874624,4.64200593843018,12.5221479866293,2,150,149,-13.5,0,2
"1708",0.00908323743874624,4.64200593843018,12.5221479866293,2,150,149,-13.5,1,2
"1709",0.00908323743874624,4.64200593843018,12.5221479866293,2,150,149,-13.5,0,2
"1710",0.00908323743874624,4.64200593843018,12.5221479866293,2,150,149,-13.5,0,2
"1711",0.00908323743874624,4.64200593843018,12.5221479866293,2,150,149,23.5,1,2
"1712",0.00908323743874624,4.64200593843018,12.5221479866293,2,150,149,-14.5,0,2
"1713",0.00908323743874624,4.64200593843018,12.5221479866293,2,150,149,23.5,1,2
"1714",0.00908323743874624,4.64200593843018,12.5221479866293,2,150,149,23.5,1,2
"1715",0.00908323743874624,4.64200593843018,12.5221479866293,2,150,149,-14.5,0,2
"1716",0.00908323743874624,4.64200593843018,12.5221479866293,2,150,149,22.5,1,2
"1717",0.00908323743874624,4.64200593843018,12.5221479866293,2,150,149,-14.5,0,2
"1718",0.00908323743874624,4.64200593843018,12.5221479866293,2,150,149,22.5,1,2
"1719",0.00908323743874624,4.64200593843018,12.5221479866293,2,150,149,-14.5,0,2
"1720",0.00908323743874624,4.64200593843018,12.5221479866293,2,150,149,22.5,1,2
"1721",0.00908323743874624,4.64200593843018,12.5221479866293,2,150,149,-14.5,0,2
"1722",0.00908323743874624,4.64200593843018,12.5221479866293,2,150,149,22.5,1,2
"1723",0.00908323743874624,4.64200593843018,12.5221479866293,2,150,149,-13.5,0,2
"1724",0.00908323743874624,4.64200593843018,12.5221479866293,2,150,149,22.5,1,2
"1725",0.00908323743874624,4.64200593843018,12.5221479866293,2,150,149,-13.5,0,2
"1726",0.00908323743874624,4.64200593843018,12.5221479866293,2,150,149,22.5,1,2
"1727",0.00908323743874624,4.64200593843018,12.5221479866293,2,150,149,21.5,1,2
"1728",0.00908323743874624,4.64200593843018,12.5221479866293,2,150,149,-13.5,0,2
"1729",0.00908323743874624,4.64200593843018,12.5221479866293,2,150,149,21.5,1,2
"1730",0.00908323743874624,4.64200593843018,12.5221479866293,2,150,149,-13.5,0,2
"1731",0.00908323743874624,4.64200593843018,12.5221479866293,2,150,149,21.5,1,2
"1732",0.00908323743874624,4.64200593843018,12.5221479866293,2,150,149,-12.5,0,2
"1733",0.00908323743874624,4.64200593843018,12.5221479866293,2,150,149,20.5,1,2
"1734",0.00908323743874624,4.64200593843018,12.5221479866293,2,150,149,20.5,1,2
"1735",0.00908323743874624,4.64200593843018,12.5221479866293,2,150,149,-12.5,0,2
"1736",0.00908323743874624,4.64200593843018,12.5221479866293,2,150,149,20.5,1,2
"1737",0.00908323743874624,4.64200593843018,12.5221479866293,2,150,149,-12.5,0,2
"1738",0.00908323743874624,4.64200593843018,12.5221479866293,2,150,149,19.5,1,2
"1739",0.00908323743874624,4.64200593843018,12.5221479866293,2,150,149,19.5,1,2
"1740",0.00908323743874624,4.64200593843018,12.5221479866293,2,150,149,-11.5,0,2
"1741",0.00908323743874624,4.64200593843018,12.5221479866293,2,150,149,19.5,1,2
"1742",0.00908323743874624,4.64200593843018,12.5221479866293,2,150,149,-11.5,1,2
"1743",0.00908323743874624,4.64200593843018,12.5221479866293,2,150,149,-13.5,0,2
"1744",0.00908323743874624,4.64200593843018,12.5221479866293,2,150,149,19.5,1,2
"1745",0.00908323743874624,4.64200593843018,12.5221479866293,2,150,149,-12.5,0,2
"1746",0.00908323743874624,4.64200593843018,12.5221479866293,2,150,149,18.5,1,2
"1747",0.00908323743874624,4.64200593843018,12.5221479866293,2,150,149,18.5,1,2
"1748",0.00908323743874624,4.64200593843018,12.5221479866293,2,150,149,-12.5,0,2
"1749",0.00908323743874624,4.64200593843018,12.5221479866293,2,150,149,18.5,1,2
"1750",0.00908323743874624,4.64200593843018,12.5221479866293,2,150,149,17.5,1,2
"1751",0.00908323743874624,4.64200593843018,12.5221479866293,2,150,149,-12.5,0,2
"1752",0.00908323743874624,4.64200593843018,12.5221479866293,2,150,149,17.5,1,2
"1753",0.00908323743874624,4.64200593843018,12.5221479866293,2,150,149,17.5,1,2
"1754",0.00908323743874624,4.64200593843018,12.5221479866293,2,150,149,-11.5,0,2
"1755",0.00908323743874624,4.64200593843018,12.5221479866293,2,150,149,16.5,1,2
"1756",0.00908323743874624,4.64200593843018,12.5221479866293,2,150,149,16.5,1,2
"1757",0.00908323743874624,4.64200593843018,12.5221479866293,2,150,149,-11.5,0,2
"1758",0.00908323743874624,4.64200593843018,12.5221479866293,2,150,149,16.5,1,2
"1759",0.00908323743874624,4.64200593843018,12.5221479866293,2,150,149,16.5,1,2
"1760",0.00908323743874624,4.64200593843018,12.5221479866293,2,150,149,15.5,1,2
"1761",0.00908323743874624,4.64200593843018,12.5221479866293,2,150,149,-10.5,0,2
"1762",0.00908323743874624,4.64200593843018,12.5221479866293,2,150,149,15.5,1,2
"1763",0.00908323743874624,4.64200593843018,12.5221479866293,2,150,149,15.5,1,2
"1764",0.00908323743874624,4.64200593843018,12.5221479866293,2,150,149,-10.5,0,2
"1765",0.00908323743874624,4.64200593843018,12.5221479866293,2,150,149,14.5,0,2
"1766",0.00908323743874624,4.64200593843018,12.5221479866293,2,150,149,-10.5,0,2
"1767",0.00908323743874624,4.64200593843018,12.5221479866293,2,150,149,-10.5,0,2
"1768",0.00908323743874624,4.64200593843018,12.5221479866293,2,150,149,-9.5,0,2
"1769",0.00908323743874624,4.64200593843018,12.5221479866293,2,150,149,16.5,1,2
"1770",0.00908323743874624,4.64200593843018,12.5221479866293,2,150,149,15.5,1,2
"1771",0.00908323743874624,4.64200593843018,12.5221479866293,2,150,149,-9.5,1,2
"1772",0.00908323743874624,4.64200593843018,12.5221479866293,2,150,149,-10.5,0,2
"1773",0.00908323743874624,4.64200593843018,12.5221479866293,2,150,149,15.5,1,2
"1774",0.00908323743874624,4.64200593843018,12.5221479866293,2,150,149,15.5,1,2
"1775",0.00908323743874624,4.64200593843018,12.5221479866293,2,150,149,15.5,1,2
"1776",0.00908323743874624,4.64200593843018,12.5221479866293,2,150,149,-10.5,0,2
"1777",0.00908323743874624,4.64200593843018,12.5221479866293,2,150,149,15.5,1,2
"1778",0.00908323743874624,4.64200593843018,12.5221479866293,2,150,149,15.5,1,2
"1779",0.00908323743874624,4.64200593843018,12.5221479866293,2,150,149,-10.5,1,2
"1780",0.00908323743874624,4.64200593843018,12.5221479866293,2,150,149,-11.5,0,2
"1781",0.00908323743874624,4.64200593843018,12.5221479866293,2,150,149,15.5,1,2
"1782",0.00908323743874624,4.64200593843018,12.5221479866293,2,150,149,14.5,1,2
"1783",0.00908323743874624,4.64200593843018,12.5221479866293,2,150,149,-11.5,0,2
"1784",0.00908323743874624,4.64200593843018,12.5221479866293,2,150,149,14.5,1,2
"1785",0.00908323743874624,4.64200593843018,12.5221479866293,2,150,149,14.5,1,2
"1786",0.00908323743874624,4.64200593843018,12.5221479866293,2,150,149,14.5,1,2
"1787",0.00908323743874624,4.64200593843018,12.5221479866293,2,150,149,-11.5,0,2
"1788",0.00908323743874624,4.64200593843018,12.5221479866293,2,150,149,14.5,1,2
"1789",0.00908323743874624,4.64200593843018,12.5221479866293,2,150,149,13.5,1,2
"1790",0.00908323743874624,4.64200593843018,12.5221479866293,2,150,149,13.5,0,2
"1791",0.00908323743874624,4.64200593843018,12.5221479866293,2,150,149,-11.5,0,2
"1792",0.00908323743874624,4.64200593843018,12.5221479866293,2,150,149,-10.5,0,2
"1793",0.00908323743874624,4.64200593843018,12.5221479866293,2,150,149,-10.5,0,2
"1794",0.00908323743874624,4.64200593843018,12.5221479866293,2,150,149,14.5,1,2
"1795",0.00908323743874624,4.64200593843018,12.5221479866293,2,150,149,-10.5,0,2
"1796",0.00908323743874624,4.64200593843018,12.5221479866293,2,150,149,14.5,1,2
"1797",0.00908323743874624,4.64200593843018,12.5221479866293,2,150,149,14.5,1,2
"1798",0.00908323743874624,4.64200593843018,12.5221479866293,2,150,149,-10.5,0,2
"1799",0.00908323743874624,4.64200593843018,12.5221479866293,2,150,149,14.5,0,2
"1800",0.00908323743874624,4.64200593843018,12.5221479866293,2,150,149,-10.5,0,2
"1801",0.0042021026846548,1.5479722517733,12.6178596982651,3,150,149,-0.5,1,2
"1802",0.0042021026846548,1.5479722517733,12.6178596982651,3,150,149,-23.5,0,2
"1803",0.0042021026846548,1.5479722517733,12.6178596982651,3,150,149,-11.5,0,2
"1804",0.0042021026846548,1.5479722517733,12.6178596982651,3,150,149,0.5,1,2
"1805",0.0042021026846548,1.5479722517733,12.6178596982651,3,150,149,-7.5,0,2
"1806",0.0042021026846548,1.5479722517733,12.6178596982651,3,150,149,-3.5,0,2
"1807",0.0042021026846548,1.5479722517733,12.6178596982651,3,150,149,3.5,0,2
"1808",0.0042021026846548,1.5479722517733,12.6178596982651,3,150,149,12.5,1,2
"1809",0.0042021026846548,1.5479722517733,12.6178596982651,3,150,149,10.5,1,2
"1810",0.0042021026846548,1.5479722517733,12.6178596982651,3,150,149,9.5,0,2
"1811",0.0042021026846548,1.5479722517733,12.6178596982651,3,150,149,15.5,1,2
"1812",0.0042021026846548,1.5479722517733,12.6178596982651,3,150,149,14.5,0,2
"1813",0.0042021026846548,1.5479722517733,12.6178596982651,3,150,149,18.5,1,2
"1814",0.0042021026846548,1.5479722517733,12.6178596982651,3,150,149,17.5,1,2
"1815",0.0042021026846548,1.5479722517733,12.6178596982651,3,150,149,-7.5,0,2
"1816",0.0042021026846548,1.5479722517733,12.6178596982651,3,150,149,18.5,1,2
"1817",0.0042021026846548,1.5479722517733,12.6178596982651,3,150,149,-7.5,1,2
"1818",0.0042021026846548,1.5479722517733,12.6178596982651,3,150,149,-10.5,0,2
"1819",0.0042021026846548,1.5479722517733,12.6178596982651,3,150,149,-10.5,0,2
"1820",0.0042021026846548,1.5479722517733,12.6178596982651,3,150,149,17.5,1,2
"1821",0.0042021026846548,1.5479722517733,12.6178596982651,3,150,149,-10.5,0,2
"1822",0.0042021026846548,1.5479722517733,12.6178596982651,3,150,149,17.5,1,2
"1823",0.0042021026846548,1.5479722517733,12.6178596982651,3,150,149,-10.5,0,2
"1824",0.0042021026846548,1.5479722517733,12.6178596982651,3,150,149,16.5,1,2
"1825",0.0042021026846548,1.5479722517733,12.6178596982651,3,150,149,-10.5,0,2
"1826",0.0042021026846548,1.5479722517733,12.6178596982651,3,150,149,16.5,1,2
"1827",0.0042021026846548,1.5479722517733,12.6178596982651,3,150,149,-9.5,0,2
"1828",0.0042021026846548,1.5479722517733,12.6178596982651,3,150,149,16.5,1,2
"1829",0.0042021026846548,1.5479722517733,12.6178596982651,3,150,149,-9.5,0,2
"1830",0.0042021026846548,1.5479722517733,12.6178596982651,3,150,149,15.5,1,2
"1831",0.0042021026846548,1.5479722517733,12.6178596982651,3,150,149,-8.5,1,2
"1832",0.0042021026846548,1.5479722517733,12.6178596982651,3,150,149,-12.5,0,2
"1833",0.0042021026846548,1.5479722517733,12.6178596982651,3,150,149,15.5,1,2
"1834",0.0042021026846548,1.5479722517733,12.6178596982651,3,150,149,-11.5,0,2
"1835",0.0042021026846548,1.5479722517733,12.6178596982651,3,150,149,14.5,0,2
"1836",0.0042021026846548,1.5479722517733,12.6178596982651,3,150,149,17.5,1,2
"1837",0.0042021026846548,1.5479722517733,12.6178596982651,3,150,149,-11.5,0,2
"1838",0.0042021026846548,1.5479722517733,12.6178596982651,3,150,149,17.5,1,2
"1839",0.0042021026846548,1.5479722517733,12.6178596982651,3,150,149,-10.5,0,2
"1840",0.0042021026846548,1.5479722517733,12.6178596982651,3,150,149,16.5,1,2
"1841",0.0042021026846548,1.5479722517733,12.6178596982651,3,150,149,-10.5,0,2
"1842",0.0042021026846548,1.5479722517733,12.6178596982651,3,150,149,16.5,1,2
"1843",0.0042021026846548,1.5479722517733,12.6178596982651,3,150,149,-9.5,0,2
"1844",0.0042021026846548,1.5479722517733,12.6178596982651,3,150,149,15.5,1,2
"1845",0.0042021026846548,1.5479722517733,12.6178596982651,3,150,149,-8.5,1,2
"1846",0.0042021026846548,1.5479722517733,12.6178596982651,3,150,149,-11.5,0,2
"1847",0.0042021026846548,1.5479722517733,12.6178596982651,3,150,149,15.5,1,2
"1848",0.0042021026846548,1.5479722517733,12.6178596982651,3,150,149,-11.5,0,2
"1849",0.0042021026846548,1.5479722517733,12.6178596982651,3,150,149,14.5,1,2
"1850",0.0042021026846548,1.5479722517733,12.6178596982651,3,150,149,14.5,1,2
"1851",0.0042021026846548,1.5479722517733,12.6178596982651,3,150,149,-10.5,0,2
"1852",0.0042021026846548,1.5479722517733,12.6178596982651,3,150,149,13.5,1,2
"1853",0.0042021026846548,1.5479722517733,12.6178596982651,3,150,149,-10.5,1,2
"1854",0.0042021026846548,1.5479722517733,12.6178596982651,3,150,149,-12.5,0,2
"1855",0.0042021026846548,1.5479722517733,12.6178596982651,3,150,149,13.5,1,2
"1856",0.0042021026846548,1.5479722517733,12.6178596982651,3,150,149,-12.5,1,2
"1857",0.0042021026846548,1.5479722517733,12.6178596982651,3,150,149,-14.5,1,2
"1858",0.0042021026846548,1.5479722517733,12.6178596982651,3,150,149,-17.5,0,2
"1859",0.0042021026846548,1.5479722517733,12.6178596982651,3,150,149,-16.5,0,2
"1860",0.0042021026846548,1.5479722517733,12.6178596982651,3,150,149,14.5,0,2
"1861",0.0042021026846548,1.5479722517733,12.6178596982651,3,150,149,-16.5,0,2
"1862",0.0042021026846548,1.5479722517733,12.6178596982651,3,150,149,17.5,1,2
"1863",0.0042021026846548,1.5479722517733,12.6178596982651,3,150,149,-16.5,0,2
"1864",0.0042021026846548,1.5479722517733,12.6178596982651,3,150,149,16.5,1,2
"1865",0.0042021026846548,1.5479722517733,12.6178596982651,3,150,149,16.5,1,2
"1866",0.0042021026846548,1.5479722517733,12.6178596982651,3,150,149,-15.5,0,2
"1867",0.0042021026846548,1.5479722517733,12.6178596982651,3,150,149,15.5,1,2
"1868",0.0042021026846548,1.5479722517733,12.6178596982651,3,150,149,-15.5,0,2
"1869",0.0042021026846548,1.5479722517733,12.6178596982651,3,150,149,15.5,1,2
"1870",0.0042021026846548,1.5479722517733,12.6178596982651,3,150,149,-14.5,0,2
"1871",0.0042021026846548,1.5479722517733,12.6178596982651,3,150,149,14.5,1,2
"1872",0.0042021026846548,1.5479722517733,12.6178596982651,3,150,149,-14.5,0,2
"1873",0.0042021026846548,1.5479722517733,12.6178596982651,3,150,149,14.5,1,2
"1874",0.0042021026846548,1.5479722517733,12.6178596982651,3,150,149,14.5,1,2
"1875",0.0042021026846548,1.5479722517733,12.6178596982651,3,150,149,-13.5,0,2
"1876",0.0042021026846548,1.5479722517733,12.6178596982651,3,150,149,13.5,1,2
"1877",0.0042021026846548,1.5479722517733,12.6178596982651,3,150,149,-13.5,0,2
"1878",0.0042021026846548,1.5479722517733,12.6178596982651,3,150,149,13.5,1,2
"1879",0.0042021026846548,1.5479722517733,12.6178596982651,3,150,149,-13.5,0,2
"1880",0.0042021026846548,1.5479722517733,12.6178596982651,3,150,149,12.5,1,2
"1881",0.0042021026846548,1.5479722517733,12.6178596982651,3,150,149,12.5,0,2
"1882",0.0042021026846548,1.5479722517733,12.6178596982651,3,150,149,-13.5,0,2
"1883",0.0042021026846548,1.5479722517733,12.6178596982651,3,150,149,-12.5,0,2
"1884",0.0042021026846548,1.5479722517733,12.6178596982651,3,150,149,14.5,1,2
"1885",0.0042021026846548,1.5479722517733,12.6178596982651,3,150,149,-12.5,0,2
"1886",0.0042021026846548,1.5479722517733,12.6178596982651,3,150,149,13.5,0,2
"1887",0.0042021026846548,1.5479722517733,12.6178596982651,3,150,149,-12.5,0,2
"1888",0.0042021026846548,1.5479722517733,12.6178596982651,3,150,149,15.5,1,2
"1889",0.0042021026846548,1.5479722517733,12.6178596982651,3,150,149,-12.5,0,2
"1890",0.0042021026846548,1.5479722517733,12.6178596982651,3,150,149,14.5,0,2
"1891",0.0042021026846548,1.5479722517733,12.6178596982651,3,150,149,-12.5,0,2
"1892",0.0042021026846548,1.5479722517733,12.6178596982651,3,150,149,16.5,1,2
"1893",0.0042021026846548,1.5479722517733,12.6178596982651,3,150,149,-11.5,0,2
"1894",0.0042021026846548,1.5479722517733,12.6178596982651,3,150,149,16.5,1,2
"1895",0.0042021026846548,1.5479722517733,12.6178596982651,3,150,149,-11.5,0,2
"1896",0.0042021026846548,1.5479722517733,12.6178596982651,3,150,149,15.5,1,2
"1897",0.0042021026846548,1.5479722517733,12.6178596982651,3,150,149,-11.5,0,2
"1898",0.0042021026846548,1.5479722517733,12.6178596982651,3,150,149,15.5,1,2
"1899",0.0042021026846548,1.5479722517733,12.6178596982651,3,150,149,-10.5,0,2
"1900",0.0042021026846548,1.5479722517733,12.6178596982651,3,150,149,14.5,1,2
"1901",0.0042021026846548,1.5479722517733,12.6178596982651,3,150,149,-10.5,1,2
"1902",0.0042021026846548,1.5479722517733,12.6178596982651,3,150,149,15.5,1,2
"1903",0.0042021026846548,1.5479722517733,12.6178596982651,3,150,149,-11.5,0,2
"1904",0.0042021026846548,1.5479722517733,12.6178596982651,3,150,149,14.5,1,2
"1905",0.0042021026846548,1.5479722517733,12.6178596982651,3,150,149,-11.5,0,2
"1906",0.0042021026846548,1.5479722517733,12.6178596982651,3,150,149,14.5,1,2
"1907",0.0042021026846548,1.5479722517733,12.6178596982651,3,150,149,-11.5,0,2
"1908",0.0042021026846548,1.5479722517733,12.6178596982651,3,150,149,14.5,0,2
"1909",0.0042021026846548,1.5479722517733,12.6178596982651,3,150,149,-11.5,0,2
"1910",0.0042021026846548,1.5479722517733,12.6178596982651,3,150,149,15.5,1,2
"1911",0.0042021026846548,1.5479722517733,12.6178596982651,3,150,149,-10.5,0,2
"1912",0.0042021026846548,1.5479722517733,12.6178596982651,3,150,149,15.5,1,2
"1913",0.0042021026846548,1.5479722517733,12.6178596982651,3,150,149,-10.5,1,2
"1914",0.0042021026846548,1.5479722517733,12.6178596982651,3,150,149,15.5,1,2
"1915",0.0042021026846548,1.5479722517733,12.6178596982651,3,150,149,-11.5,0,2
"1916",0.0042021026846548,1.5479722517733,12.6178596982651,3,150,149,14.5,1,2
"1917",0.0042021026846548,1.5479722517733,12.6178596982651,3,150,149,-11.5,0,2
"1918",0.0042021026846548,1.5479722517733,12.6178596982651,3,150,149,14.5,0,2
"1919",0.0042021026846548,1.5479722517733,12.6178596982651,3,150,149,-11.5,0,2
"1920",0.0042021026846548,1.5479722517733,12.6178596982651,3,150,149,15.5,1,2
"1921",0.0042021026846548,1.5479722517733,12.6178596982651,3,150,149,-11.5,0,2
"1922",0.0042021026846548,1.5479722517733,12.6178596982651,3,150,149,15.5,1,2
"1923",0.0042021026846548,1.5479722517733,12.6178596982651,3,150,149,-11.5,0,2
"1924",0.0042021026846548,1.5479722517733,12.6178596982651,3,150,149,15.5,1,2
"1925",0.0042021026846548,1.5479722517733,12.6178596982651,3,150,149,-10.5,0,2
"1926",0.0042021026846548,1.5479722517733,12.6178596982651,3,150,149,14.5,0,2
"1927",0.0042021026846548,1.5479722517733,12.6178596982651,3,150,149,-10.5,0,2
"1928",0.0042021026846548,1.5479722517733,12.6178596982651,3,150,149,16.5,1,2
"1929",0.0042021026846548,1.5479722517733,12.6178596982651,3,150,149,-10.5,1,2
"1930",0.0042021026846548,1.5479722517733,12.6178596982651,3,150,149,16.5,1,2
"1931",0.0042021026846548,1.5479722517733,12.6178596982651,3,150,149,-11.5,0,2
"1932",0.0042021026846548,1.5479722517733,12.6178596982651,3,150,149,15.5,1,2
"1933",0.0042021026846548,1.5479722517733,12.6178596982651,3,150,149,-11.5,1,2
"1934",0.0042021026846548,1.5479722517733,12.6178596982651,3,150,149,15.5,1,2
"1935",0.0042021026846548,1.5479722517733,12.6178596982651,3,150,149,-12.5,0,2
"1936",0.0042021026846548,1.5479722517733,12.6178596982651,3,150,149,15.5,0,2
"1937",0.0042021026846548,1.5479722517733,12.6178596982651,3,150,149,16.5,1,2
"1938",0.0042021026846548,1.5479722517733,12.6178596982651,3,150,149,-12.5,0,2
"1939",0.0042021026846548,1.5479722517733,12.6178596982651,3,150,149,16.5,1,2
"1940",0.0042021026846548,1.5479722517733,12.6178596982651,3,150,149,-12.5,0,2
"1941",0.0042021026846548,1.5479722517733,12.6178596982651,3,150,149,-12.5,0,2
"1942",0.0042021026846548,1.5479722517733,12.6178596982651,3,150,149,16.5,1,2
"1943",0.0042021026846548,1.5479722517733,12.6178596982651,3,150,149,-11.5,0,2
"1944",0.0042021026846548,1.5479722517733,12.6178596982651,3,150,149,15.5,1,2
"1945",0.0042021026846548,1.5479722517733,12.6178596982651,3,150,149,-11.5,0,2
"1946",0.0042021026846548,1.5479722517733,12.6178596982651,3,150,149,15.5,1,2
"1947",0.0042021026846548,1.5479722517733,12.6178596982651,3,150,149,-11.5,0,2
"1948",0.0042021026846548,1.5479722517733,12.6178596982651,3,150,149,15.5,1,2
"1949",0.0042021026846548,1.5479722517733,12.6178596982651,3,150,149,-11.5,0,2
"1950",0.0042021026846548,1.5479722517733,12.6178596982651,3,150,149,15.5,1,2
"1951",0.00483975505324231,12.5757925751388,9.22016578274244,4,150,149,-0.5,0,2
"1952",0.00483975505324231,12.5757925751388,9.22016578274244,4,150,149,22.5,0,2
"1953",0.00483975505324231,12.5757925751388,9.22016578274244,4,150,149,34.5,1,2
"1954",0.00483975505324231,12.5757925751388,9.22016578274244,4,150,149,27.5,1,2
"1955",0.00483975505324231,12.5757925751388,9.22016578274244,4,150,149,19.5,1,2
"1956",0.00483975505324231,12.5757925751388,9.22016578274244,4,150,149,10.5,0,2
"1957",0.00483975505324231,12.5757925751388,9.22016578274244,4,150,149,14.5,1,2
"1958",0.00483975505324231,12.5757925751388,9.22016578274244,4,150,149,7.5,1,2
"1959",0.00483975505324231,12.5757925751388,9.22016578274244,4,150,149,1.5,1,2
"1960",0.00483975505324231,12.5757925751388,9.22016578274244,4,150,149,-3.5,0,2
"1961",0.00483975505324231,12.5757925751388,9.22016578274244,4,150,149,-2.5,0,2
"1962",0.00483975505324231,12.5757925751388,9.22016578274244,4,150,149,1.5,0,2
"1963",0.00483975505324231,12.5757925751388,9.22016578274244,4,150,149,19.5,1,2
"1964",0.00483975505324231,12.5757925751388,9.22016578274244,4,150,149,-2.5,0,2
"1965",0.00483975505324231,12.5757925751388,9.22016578274244,4,150,149,20.5,1,2
"1966",0.00483975505324231,12.5757925751388,9.22016578274244,4,150,149,-3.5,0,2
"1967",0.00483975505324231,12.5757925751388,9.22016578274244,4,150,149,20.5,1,2
"1968",0.00483975505324231,12.5757925751388,9.22016578274244,4,150,149,-3.5,0,2
"1969",0.00483975505324231,12.5757925751388,9.22016578274244,4,150,149,19.5,1,2
"1970",0.00483975505324231,12.5757925751388,9.22016578274244,4,150,149,18.5,1,2
"1971",0.00483975505324231,12.5757925751388,9.22016578274244,4,150,149,-3.5,0,2
"1972",0.00483975505324231,12.5757925751388,9.22016578274244,4,150,149,17.5,1,2
"1973",0.00483975505324231,12.5757925751388,9.22016578274244,4,150,149,15.5,0,2
"1974",0.00483975505324231,12.5757925751388,9.22016578274244,4,150,149,-2.5,0,2
"1975",0.00483975505324231,12.5757925751388,9.22016578274244,4,150,149,22.5,1,2
"1976",0.00483975505324231,12.5757925751388,9.22016578274244,4,150,149,-1.5,0,2
"1977",0.00483975505324231,12.5757925751388,9.22016578274244,4,150,149,21.5,0,2
"1978",0.00483975505324231,12.5757925751388,9.22016578274244,4,150,149,25.5,1,2
"1979",0.00483975505324231,12.5757925751388,9.22016578274244,4,150,149,-1.5,0,2
"1980",0.00483975505324231,12.5757925751388,9.22016578274244,4,150,149,25.5,1,2
"1981",0.00483975505324231,12.5757925751388,9.22016578274244,4,150,149,-1.5,0,2
"1982",0.00483975505324231,12.5757925751388,9.22016578274244,4,150,149,24.5,1,2
"1983",0.00483975505324231,12.5757925751388,9.22016578274244,4,150,149,-0.5,0,2
"1984",0.00483975505324231,12.5757925751388,9.22016578274244,4,150,149,0.5,0,2
"1985",0.00483975505324231,12.5757925751388,9.22016578274244,4,150,149,24.5,1,2
"1986",0.00483975505324231,12.5757925751388,9.22016578274244,4,150,149,1.5,0,2
"1987",0.00483975505324231,12.5757925751388,9.22016578274244,4,150,149,23.5,1,2
"1988",0.00483975505324231,12.5757925751388,9.22016578274244,4,150,149,1.5,0,2
"1989",0.00483975505324231,12.5757925751388,9.22016578274244,4,150,149,22.5,1,2
"1990",0.00483975505324231,12.5757925751388,9.22016578274244,4,150,149,2.5,0,2
"1991",0.00483975505324231,12.5757925751388,9.22016578274244,4,150,149,3.5,0,2
"1992",0.00483975505324231,12.5757925751388,9.22016578274244,4,150,149,21.5,1,2
"1993",0.00483975505324231,12.5757925751388,9.22016578274244,4,150,149,4.5,0,2
"1994",0.00483975505324231,12.5757925751388,9.22016578274244,4,150,149,4.5,0,2
"1995",0.00483975505324231,12.5757925751388,9.22016578274244,4,150,149,21.5,1,2
"1996",0.00483975505324231,12.5757925751388,9.22016578274244,4,150,149,5.5,0,2
"1997",0.00483975505324231,12.5757925751388,9.22016578274244,4,150,149,6.5,0,2
"1998",0.00483975505324231,12.5757925751388,9.22016578274244,4,150,149,20.5,1,2
"1999",0.00483975505324231,12.5757925751388,9.22016578274244,4,150,149,6.5,0,2
"2000",0.00483975505324231,12.5757925751388,9.22016578274244,4,150,149,7.5,1,2
"2001",0.00483975505324231,12.5757925751388,9.22016578274244,4,150,149,20.5,0,2
"2002",0.00483975505324231,12.5757925751388,9.22016578274244,4,150,149,22.5,0,2
"2003",0.00483975505324231,12.5757925751388,9.22016578274244,4,150,149,25.5,1,2
"2004",0.00483975505324231,12.5757925751388,9.22016578274244,4,150,149,24.5,1,2
"2005",0.00483975505324231,12.5757925751388,9.22016578274244,4,150,149,3.5,0,2
"2006",0.00483975505324231,12.5757925751388,9.22016578274244,4,150,149,24.5,1,2
"2007",0.00483975505324231,12.5757925751388,9.22016578274244,4,150,149,3.5,0,2
"2008",0.00483975505324231,12.5757925751388,9.22016578274244,4,150,149,23.5,1,2
"2009",0.00483975505324231,12.5757925751388,9.22016578274244,4,150,149,4.5,0,2
"2010",0.00483975505324231,12.5757925751388,9.22016578274244,4,150,149,4.5,1,2
"2011",0.00483975505324231,12.5757925751388,9.22016578274244,4,150,149,23.5,1,2
"2012",0.00483975505324231,12.5757925751388,9.22016578274244,4,150,149,23.5,1,2
"2013",0.00483975505324231,12.5757925751388,9.22016578274244,4,150,149,2.5,1,2
"2014",0.00483975505324231,12.5757925751388,9.22016578274244,4,150,149,23.5,1,2
"2015",0.00483975505324231,12.5757925751388,9.22016578274244,4,150,149,0.5,0,2
"2016",0.00483975505324231,12.5757925751388,9.22016578274244,4,150,149,23.5,1,2
"2017",0.00483975505324231,12.5757925751388,9.22016578274244,4,150,149,1.5,0,2
"2018",0.00483975505324231,12.5757925751388,9.22016578274244,4,150,149,22.5,1,2
"2019",0.00483975505324231,12.5757925751388,9.22016578274244,4,150,149,1.5,0,2
"2020",0.00483975505324231,12.5757925751388,9.22016578274244,4,150,149,22.5,1,2
"2021",0.00483975505324231,12.5757925751388,9.22016578274244,4,150,149,2.5,0,2
"2022",0.00483975505324231,12.5757925751388,9.22016578274244,4,150,149,21.5,1,2
"2023",0.00483975505324231,12.5757925751388,9.22016578274244,4,150,149,2.5,0,2
"2024",0.00483975505324231,12.5757925751388,9.22016578274244,4,150,149,21.5,0,2
"2025",0.00483975505324231,12.5757925751388,9.22016578274244,4,150,149,2.5,1,2
"2026",0.00483975505324231,12.5757925751388,9.22016578274244,4,150,149,23.5,1,2
"2027",0.00483975505324231,12.5757925751388,9.22016578274244,4,150,149,0.5,0,2
"2028",0.00483975505324231,12.5757925751388,9.22016578274244,4,150,149,23.5,0,2
"2029",0.00483975505324231,12.5757925751388,9.22016578274244,4,150,149,24.5,1,2
"2030",0.00483975505324231,12.5757925751388,9.22016578274244,4,150,149,0.5,0,2
"2031",0.00483975505324231,12.5757925751388,9.22016578274244,4,150,149,24.5,1,2
"2032",0.00483975505324231,12.5757925751388,9.22016578274244,4,150,149,1.5,0,2
"2033",0.00483975505324231,12.5757925751388,9.22016578274244,4,150,149,1.5,0,2
"2034",0.00483975505324231,12.5757925751388,9.22016578274244,4,150,149,24.5,1,2
"2035",0.00483975505324231,12.5757925751388,9.22016578274244,4,150,149,1.5,0,2
"2036",0.00483975505324231,12.5757925751388,9.22016578274244,4,150,149,23.5,0,2
"2037",0.00483975505324231,12.5757925751388,9.22016578274244,4,150,149,25.5,1,2
"2038",0.00483975505324231,12.5757925751388,9.22016578274244,4,150,149,1.5,0,2
"2039",0.00483975505324231,12.5757925751388,9.22016578274244,4,150,149,24.5,1,2
"2040",0.00483975505324231,12.5757925751388,9.22016578274244,4,150,149,2.5,0,2
"2041",0.00483975505324231,12.5757925751388,9.22016578274244,4,150,149,24.5,1,2
"2042",0.00483975505324231,12.5757925751388,9.22016578274244,4,150,149,2.5,0,2
"2043",0.00483975505324231,12.5757925751388,9.22016578274244,4,150,149,2.5,0,2
"2044",0.00483975505324231,12.5757925751388,9.22016578274244,4,150,149,24.5,1,2
"2045",0.00483975505324231,12.5757925751388,9.22016578274244,4,150,149,2.5,0,2
"2046",0.00483975505324231,12.5757925751388,9.22016578274244,4,150,149,23.5,1,2
"2047",0.00483975505324231,12.5757925751388,9.22016578274244,4,150,149,3.5,1,2
"2048",0.00483975505324231,12.5757925751388,9.22016578274244,4,150,149,23.5,1,2
"2049",0.00483975505324231,12.5757925751388,9.22016578274244,4,150,149,2.5,0,2
"2050",0.00483975505324231,12.5757925751388,9.22016578274244,4,150,149,23.5,1,2
"2051",0.00483975505324231,12.5757925751388,9.22016578274244,4,150,149,2.5,0,2
"2052",0.00483975505324231,12.5757925751388,9.22016578274244,4,150,149,23.5,1,2
"2053",0.00483975505324231,12.5757925751388,9.22016578274244,4,150,149,2.5,0,2
"2054",0.00483975505324231,12.5757925751388,9.22016578274244,4,150,149,22.5,1,2
"2055",0.00483975505324231,12.5757925751388,9.22016578274244,4,150,149,2.5,1,2
"2056",0.00483975505324231,12.5757925751388,9.22016578274244,4,150,149,23.5,1,2
"2057",0.00483975505324231,12.5757925751388,9.22016578274244,4,150,149,1.5,0,2
"2058",0.00483975505324231,12.5757925751388,9.22016578274244,4,150,149,22.5,1,2
"2059",0.00483975505324231,12.5757925751388,9.22016578274244,4,150,149,2.5,0,2
"2060",0.00483975505324231,12.5757925751388,9.22016578274244,4,150,149,22.5,1,2
"2061",0.00483975505324231,12.5757925751388,9.22016578274244,4,150,149,2.5,0,2
"2062",0.00483975505324231,12.5757925751388,9.22016578274244,4,150,149,22.5,1,2
"2063",0.00483975505324231,12.5757925751388,9.22016578274244,4,150,149,2.5,0,2
"2064",0.00483975505324231,12.5757925751388,9.22016578274244,4,150,149,22.5,0,2
"2065",0.00483975505324231,12.5757925751388,9.22016578274244,4,150,149,2.5,0,2
"2066",0.00483975505324231,12.5757925751388,9.22016578274244,4,150,149,23.5,1,2
"2067",0.00483975505324231,12.5757925751388,9.22016578274244,4,150,149,2.5,0,2
"2068",0.00483975505324231,12.5757925751388,9.22016578274244,4,150,149,22.5,1,2
"2069",0.00483975505324231,12.5757925751388,9.22016578274244,4,150,149,2.5,0,2
"2070",0.00483975505324231,12.5757925751388,9.22016578274244,4,150,149,22.5,1,2
"2071",0.00483975505324231,12.5757925751388,9.22016578274244,4,150,149,3.5,0,2
"2072",0.00483975505324231,12.5757925751388,9.22016578274244,4,150,149,22.5,1,2
"2073",0.00483975505324231,12.5757925751388,9.22016578274244,4,150,149,3.5,1,2
"2074",0.00483975505324231,12.5757925751388,9.22016578274244,4,150,149,22.5,0,2
"2075",0.00483975505324231,12.5757925751388,9.22016578274244,4,150,149,2.5,0,2
"2076",0.00483975505324231,12.5757925751388,9.22016578274244,4,150,149,23.5,1,2
"2077",0.00483975505324231,12.5757925751388,9.22016578274244,4,150,149,2.5,1,2
"2078",0.00483975505324231,12.5757925751388,9.22016578274244,4,150,149,23.5,1,2
"2079",0.00483975505324231,12.5757925751388,9.22016578274244,4,150,149,1.5,0,2
"2080",0.00483975505324231,12.5757925751388,9.22016578274244,4,150,149,23.5,0,2
"2081",0.00483975505324231,12.5757925751388,9.22016578274244,4,150,149,1.5,0,2
"2082",0.00483975505324231,12.5757925751388,9.22016578274244,4,150,149,24.5,1,2
"2083",0.00483975505324231,12.5757925751388,9.22016578274244,4,150,149,1.5,0,2
"2084",0.00483975505324231,12.5757925751388,9.22016578274244,4,150,149,23.5,1,2
"2085",0.00483975505324231,12.5757925751388,9.22016578274244,4,150,149,1.5,1,2
"2086",0.00483975505324231,12.5757925751388,9.22016578274244,4,150,149,24.5,1,2
"2087",0.00483975505324231,12.5757925751388,9.22016578274244,4,150,149,0.5,0,2
"2088",0.00483975505324231,12.5757925751388,9.22016578274244,4,150,149,23.5,1,2
"2089",0.00483975505324231,12.5757925751388,9.22016578274244,4,150,149,1.5,1,2
"2090",0.00483975505324231,12.5757925751388,9.22016578274244,4,150,149,0.5,0,2
"2091",0.00483975505324231,12.5757925751388,9.22016578274244,4,150,149,23.5,1,2
"2092",0.00483975505324231,12.5757925751388,9.22016578274244,4,150,149,0.5,0,2
"2093",0.00483975505324231,12.5757925751388,9.22016578274244,4,150,149,23.5,1,2
"2094",0.00483975505324231,12.5757925751388,9.22016578274244,4,150,149,23.5,1,2
"2095",0.00483975505324231,12.5757925751388,9.22016578274244,4,150,149,0.5,0,2
"2096",0.00483975505324231,12.5757925751388,9.22016578274244,4,150,149,23.5,1,2
"2097",0.00483975505324231,12.5757925751388,9.22016578274244,4,150,149,1.5,0,2
"2098",0.00483975505324231,12.5757925751388,9.22016578274244,4,150,149,23.5,1,2
"2099",0.00483975505324231,12.5757925751388,9.22016578274244,4,150,149,1.5,1,2
"2100",0.00483975505324231,12.5757925751388,9.22016578274244,4,150,149,0.5,0,2
"2101",0.0607169175472709,11.9290059518409,9.85445914276678,5,150,149,-0.5,0,2
"2102",0.0607169175472709,11.9290059518409,9.85445914276678,5,150,149,22.5,1,2
"2103",0.0607169175472709,11.9290059518409,9.85445914276678,5,150,149,10.5,0,2
"2104",0.0607169175472709,11.9290059518409,9.85445914276678,5,150,149,18.5,0,2
"2105",0.0607169175472709,11.9290059518409,9.85445914276678,5,150,149,27.5,1,2
"2106",0.0607169175472709,11.9290059518409,9.85445914276678,5,150,149,25.5,1,2
"2107",0.0607169175472709,11.9290059518409,9.85445914276678,5,150,149,16.5,1,2
"2108",0.0607169175472709,11.9290059518409,9.85445914276678,5,150,149,8.5,0,2
"2109",0.0607169175472709,11.9290059518409,9.85445914276678,5,150,149,10.5,1,2
"2110",0.0607169175472709,11.9290059518409,9.85445914276678,5,150,149,3.5,0,2
"2111",0.0607169175472709,11.9290059518409,9.85445914276678,5,150,149,4.5,1,2
"2112",0.0607169175472709,11.9290059518409,9.85445914276678,5,150,149,-0.5,0,2
"2113",0.0607169175472709,11.9290059518409,9.85445914276678,5,150,149,23.5,1,2
"2114",0.0607169175472709,11.9290059518409,9.85445914276678,5,150,149,-0.5,0,2
"2115",0.0607169175472709,11.9290059518409,9.85445914276678,5,150,149,23.5,1,2
"2116",0.0607169175472709,11.9290059518409,9.85445914276678,5,150,149,-0.5,0,2
"2117",0.0607169175472709,11.9290059518409,9.85445914276678,5,150,149,22.5,1,2
"2118",0.0607169175472709,11.9290059518409,9.85445914276678,5,150,149,0.5,0,2
"2119",0.0607169175472709,11.9290059518409,9.85445914276678,5,150,149,22.5,0,2
"2120",0.0607169175472709,11.9290059518409,9.85445914276678,5,150,149,26.5,1,2
"2121",0.0607169175472709,11.9290059518409,9.85445914276678,5,150,149,1.5,1,2
"2122",0.0607169175472709,11.9290059518409,9.85445914276678,5,150,149,-2.5,0,2
"2123",0.0607169175472709,11.9290059518409,9.85445914276678,5,150,149,25.5,1,2
"2124",0.0607169175472709,11.9290059518409,9.85445914276678,5,150,149,-2.5,0,2
"2125",0.0607169175472709,11.9290059518409,9.85445914276678,5,150,149,25.5,1,2
"2126",0.0607169175472709,11.9290059518409,9.85445914276678,5,150,149,-2.5,0,2
"2127",0.0607169175472709,11.9290059518409,9.85445914276678,5,150,149,25.5,1,2
"2128",0.0607169175472709,11.9290059518409,9.85445914276678,5,150,149,-1.5,1,2
"2129",0.0607169175472709,11.9290059518409,9.85445914276678,5,150,149,-4.5,0,2
"2130",0.0607169175472709,11.9290059518409,9.85445914276678,5,150,149,-4.5,0,2
"2131",0.0607169175472709,11.9290059518409,9.85445914276678,5,150,149,24.5,1,2
"2132",0.0607169175472709,11.9290059518409,9.85445914276678,5,150,149,-4.5,0,2
"2133",0.0607169175472709,11.9290059518409,9.85445914276678,5,150,149,24.5,0,2
"2134",0.0607169175472709,11.9290059518409,9.85445914276678,5,150,149,27.5,1,2
"2135",0.0607169175472709,11.9290059518409,9.85445914276678,5,150,149,-3.5,0,2
"2136",0.0607169175472709,11.9290059518409,9.85445914276678,5,150,149,27.5,1,2
"2137",0.0607169175472709,11.9290059518409,9.85445914276678,5,150,149,26.5,1,2
"2138",0.0607169175472709,11.9290059518409,9.85445914276678,5,150,149,-3.5,0,2
"2139",0.0607169175472709,11.9290059518409,9.85445914276678,5,150,149,26.5,1,2
"2140",0.0607169175472709,11.9290059518409,9.85445914276678,5,150,149,-2.5,1,2
"2141",0.0607169175472709,11.9290059518409,9.85445914276678,5,150,149,-5.5,0,2
"2142",0.0607169175472709,11.9290059518409,9.85445914276678,5,150,149,-5.5,0,2
"2143",0.0607169175472709,11.9290059518409,9.85445914276678,5,150,149,26.5,1,2
"2144",0.0607169175472709,11.9290059518409,9.85445914276678,5,150,149,-4.5,0,2
"2145",0.0607169175472709,11.9290059518409,9.85445914276678,5,150,149,25.5,0,2
"2146",0.0607169175472709,11.9290059518409,9.85445914276678,5,150,149,28.5,1,2
"2147",0.0607169175472709,11.9290059518409,9.85445914276678,5,150,149,-4.5,0,2
"2148",0.0607169175472709,11.9290059518409,9.85445914276678,5,150,149,27.5,1,2
"2149",0.0607169175472709,11.9290059518409,9.85445914276678,5,150,149,-4.5,1,2
"2150",0.0607169175472709,11.9290059518409,9.85445914276678,5,150,149,-6.5,0,2
"2151",0.0607169175472709,11.9290059518409,9.85445914276678,5,150,149,27.5,1,2
"2152",0.0607169175472709,11.9290059518409,9.85445914276678,5,150,149,-6.5,0,2
"2153",0.0607169175472709,11.9290059518409,9.85445914276678,5,150,149,27.5,1,2
"2154",0.0607169175472709,11.9290059518409,9.85445914276678,5,150,149,-6.5,0,2
"2155",0.0607169175472709,11.9290059518409,9.85445914276678,5,150,149,26.5,1,2
"2156",0.0607169175472709,11.9290059518409,9.85445914276678,5,150,149,-5.5,0,2
"2157",0.0607169175472709,11.9290059518409,9.85445914276678,5,150,149,26.5,1,2
"2158",0.0607169175472709,11.9290059518409,9.85445914276678,5,150,149,-5.5,1,2
"2159",0.0607169175472709,11.9290059518409,9.85445914276678,5,150,149,-7.5,0,2
"2160",0.0607169175472709,11.9290059518409,9.85445914276678,5,150,149,26.5,1,2
"2161",0.0607169175472709,11.9290059518409,9.85445914276678,5,150,149,-7.5,0,2
"2162",0.0607169175472709,11.9290059518409,9.85445914276678,5,150,149,26.5,1,2
"2163",0.0607169175472709,11.9290059518409,9.85445914276678,5,150,149,-6.5,0,2
"2164",0.0607169175472709,11.9290059518409,9.85445914276678,5,150,149,25.5,1,2
"2165",0.0607169175472709,11.9290059518409,9.85445914276678,5,150,149,25.5,1,2
"2166",0.0607169175472709,11.9290059518409,9.85445914276678,5,150,149,-6.5,0,2
"2167",0.0607169175472709,11.9290059518409,9.85445914276678,5,150,149,24.5,1,2
"2168",0.0607169175472709,11.9290059518409,9.85445914276678,5,150,149,-5.5,1,2
"2169",0.0607169175472709,11.9290059518409,9.85445914276678,5,150,149,-7.5,0,2
"2170",0.0607169175472709,11.9290059518409,9.85445914276678,5,150,149,24.5,0,2
"2171",0.0607169175472709,11.9290059518409,9.85445914276678,5,150,149,-7.5,0,2
"2172",0.0607169175472709,11.9290059518409,9.85445914276678,5,150,149,26.5,1,2
"2173",0.0607169175472709,11.9290059518409,9.85445914276678,5,150,149,-7.5,0,2
"2174",0.0607169175472709,11.9290059518409,9.85445914276678,5,150,149,26.5,1,2
"2175",0.0607169175472709,11.9290059518409,9.85445914276678,5,150,149,-7.5,0,2
"2176",0.0607169175472709,11.9290059518409,9.85445914276678,5,150,149,26.5,0,2
"2177",0.0607169175472709,11.9290059518409,9.85445914276678,5,150,149,28.5,1,2
"2178",0.0607169175472709,11.9290059518409,9.85445914276678,5,150,149,-7.5,0,2
"2179",0.0607169175472709,11.9290059518409,9.85445914276678,5,150,149,27.5,1,2
"2180",0.0607169175472709,11.9290059518409,9.85445914276678,5,150,149,-6.5,0,2
"2181",0.0607169175472709,11.9290059518409,9.85445914276678,5,150,149,27.5,1,2
"2182",0.0607169175472709,11.9290059518409,9.85445914276678,5,150,149,-6.5,0,2
"2183",0.0607169175472709,11.9290059518409,9.85445914276678,5,150,149,26.5,1,2
"2184",0.0607169175472709,11.9290059518409,9.85445914276678,5,150,149,-6.5,0,2
"2185",0.0607169175472709,11.9290059518409,9.85445914276678,5,150,149,26.5,1,2
"2186",0.0607169175472709,11.9290059518409,9.85445914276678,5,150,149,-5.5,0,2
"2187",0.0607169175472709,11.9290059518409,9.85445914276678,5,150,149,26.5,1,2
"2188",0.0607169175472709,11.9290059518409,9.85445914276678,5,150,149,-5.5,0,2
"2189",0.0607169175472709,11.9290059518409,9.85445914276678,5,150,149,25.5,1,2
"2190",0.0607169175472709,11.9290059518409,9.85445914276678,5,150,149,-4.5,0,2
"2191",0.0607169175472709,11.9290059518409,9.85445914276678,5,150,149,25.5,1,2
"2192",0.0607169175472709,11.9290059518409,9.85445914276678,5,150,149,-4.5,0,2
"2193",0.0607169175472709,11.9290059518409,9.85445914276678,5,150,149,24.5,1,2
"2194",0.0607169175472709,11.9290059518409,9.85445914276678,5,150,149,-4.5,1,2
"2195",0.0607169175472709,11.9290059518409,9.85445914276678,5,150,149,25.5,1,2
"2196",0.0607169175472709,11.9290059518409,9.85445914276678,5,150,149,-5.5,0,2
"2197",0.0607169175472709,11.9290059518409,9.85445914276678,5,150,149,24.5,1,2
"2198",0.0607169175472709,11.9290059518409,9.85445914276678,5,150,149,-5.5,0,2
"2199",0.0607169175472709,11.9290059518409,9.85445914276678,5,150,149,24.5,1,2
"2200",0.0607169175472709,11.9290059518409,9.85445914276678,5,150,149,-5.5,0,2
"2201",0.0607169175472709,11.9290059518409,9.85445914276678,5,150,149,24.5,1,2
"2202",0.0607169175472709,11.9290059518409,9.85445914276678,5,150,149,-4.5,0,2
"2203",0.0607169175472709,11.9290059518409,9.85445914276678,5,150,149,23.5,1,2
"2204",0.0607169175472709,11.9290059518409,9.85445914276678,5,150,149,23.5,0,2
"2205",0.0607169175472709,11.9290059518409,9.85445914276678,5,150,149,-4.5,0,2
"2206",0.0607169175472709,11.9290059518409,9.85445914276678,5,150,149,-4.5,0,2
"2207",0.0607169175472709,11.9290059518409,9.85445914276678,5,150,149,24.5,0,2
"2208",0.0607169175472709,11.9290059518409,9.85445914276678,5,150,149,-4.5,0,2
"2209",0.0607169175472709,11.9290059518409,9.85445914276678,5,150,149,26.5,1,2
"2210",0.0607169175472709,11.9290059518409,9.85445914276678,5,150,149,-4.5,0,2
"2211",0.0607169175472709,11.9290059518409,9.85445914276678,5,150,149,25.5,1,2
"2212",0.0607169175472709,11.9290059518409,9.85445914276678,5,150,149,-3.5,0,2
"2213",0.0607169175472709,11.9290059518409,9.85445914276678,5,150,149,25.5,1,2
"2214",0.0607169175472709,11.9290059518409,9.85445914276678,5,150,149,-3.5,0,2
"2215",0.0607169175472709,11.9290059518409,9.85445914276678,5,150,149,25.5,1,2
"2216",0.0607169175472709,11.9290059518409,9.85445914276678,5,150,149,-3.5,0,2
"2217",0.0607169175472709,11.9290059518409,9.85445914276678,5,150,149,24.5,1,2
"2218",0.0607169175472709,11.9290059518409,9.85445914276678,5,150,149,-2.5,0,2
"2219",0.0607169175472709,11.9290059518409,9.85445914276678,5,150,149,24.5,1,2
"2220",0.0607169175472709,11.9290059518409,9.85445914276678,5,150,149,-2.5,0,2
"2221",0.0607169175472709,11.9290059518409,9.85445914276678,5,150,149,24.5,1,2
"2222",0.0607169175472709,11.9290059518409,9.85445914276678,5,150,149,-2.5,0,2
"2223",0.0607169175472709,11.9290059518409,9.85445914276678,5,150,149,-2.5,0,2
"2224",0.0607169175472709,11.9290059518409,9.85445914276678,5,150,149,23.5,1,2
"2225",0.0607169175472709,11.9290059518409,9.85445914276678,5,150,149,-1.5,0,2
"2226",0.0607169175472709,11.9290059518409,9.85445914276678,5,150,149,23.5,1,2
"2227",0.0607169175472709,11.9290059518409,9.85445914276678,5,150,149,-1.5,0,2
"2228",0.0607169175472709,11.9290059518409,9.85445914276678,5,150,149,23.5,1,2
"2229",0.0607169175472709,11.9290059518409,9.85445914276678,5,150,149,-1.5,0,2
"2230",0.0607169175472709,11.9290059518409,9.85445914276678,5,150,149,23.5,1,2
"2231",0.0607169175472709,11.9290059518409,9.85445914276678,5,150,149,-1.5,1,2
"2232",0.0607169175472709,11.9290059518409,9.85445914276678,5,150,149,23.5,1,2
"2233",0.0607169175472709,11.9290059518409,9.85445914276678,5,150,149,23.5,1,2
"2234",0.0607169175472709,11.9290059518409,9.85445914276678,5,150,149,-2.5,0,2
"2235",0.0607169175472709,11.9290059518409,9.85445914276678,5,150,149,22.5,0,2
"2236",0.0607169175472709,11.9290059518409,9.85445914276678,5,150,149,-2.5,0,2
"2237",0.0607169175472709,11.9290059518409,9.85445914276678,5,150,149,-1.5,0,2
"2238",0.0607169175472709,11.9290059518409,9.85445914276678,5,150,149,23.5,1,2
"2239",0.0607169175472709,11.9290059518409,9.85445914276678,5,150,149,-1.5,0,2
"2240",0.0607169175472709,11.9290059518409,9.85445914276678,5,150,149,23.5,1,2
"2241",0.0607169175472709,11.9290059518409,9.85445914276678,5,150,149,-1.5,0,2
"2242",0.0607169175472709,11.9290059518409,9.85445914276678,5,150,149,23.5,0,2
"2243",0.0607169175472709,11.9290059518409,9.85445914276678,5,150,149,-1.5,0,2
"2244",0.0607169175472709,11.9290059518409,9.85445914276678,5,150,149,24.5,0,2
"2245",0.0607169175472709,11.9290059518409,9.85445914276678,5,150,149,-1.5,1,2
"2246",0.0607169175472709,11.9290059518409,9.85445914276678,5,150,149,25.5,1,2
"2247",0.0607169175472709,11.9290059518409,9.85445914276678,5,150,149,25.5,0,2
"2248",0.0607169175472709,11.9290059518409,9.85445914276678,5,150,149,-2.5,0,2
"2249",0.0607169175472709,11.9290059518409,9.85445914276678,5,150,149,26.5,0,2
"2250",0.0607169175472709,11.9290059518409,9.85445914276678,5,150,149,27.5,0,2
"2251",0.00371546560251504,-0.545660749352868,10.1509554399382,6,150,149,-0.5,1,2
"2252",0.00371546560251504,-0.545660749352868,10.1509554399382,6,150,149,-23.5,0,2
"2253",0.00371546560251504,-0.545660749352868,10.1509554399382,6,150,149,-11.5,0,2
"2254",0.00371546560251504,-0.545660749352868,10.1509554399382,6,150,149,0.5,0,2
"2255",0.00371546560251504,-0.545660749352868,10.1509554399382,6,150,149,12.5,1,2
"2256",0.00371546560251504,-0.545660749352868,10.1509554399382,6,150,149,6.5,0,2
"2257",0.00371546560251504,-0.545660749352868,10.1509554399382,6,150,149,14.5,1,2
"2258",0.00371546560251504,-0.545660749352868,10.1509554399382,6,150,149,10.5,1,2
"2259",0.00371546560251504,-0.545660749352868,10.1509554399382,6,150,149,-5.5,1,2
"2260",0.00371546560251504,-0.545660749352868,10.1509554399382,6,150,149,-11.5,0,2
"2261",0.00371546560251504,-0.545660749352868,10.1509554399382,6,150,149,-10.5,0,2
"2262",0.00371546560251504,-0.545660749352868,10.1509554399382,6,150,149,11.5,1,2
"2263",0.00371546560251504,-0.545660749352868,10.1509554399382,6,150,149,-10.5,0,2
"2264",0.00371546560251504,-0.545660749352868,10.1509554399382,6,150,149,11.5,1,2
"2265",0.00371546560251504,-0.545660749352868,10.1509554399382,6,150,149,-10.5,0,2
"2266",0.00371546560251504,-0.545660749352868,10.1509554399382,6,150,149,10.5,1,2
"2267",0.00371546560251504,-0.545660749352868,10.1509554399382,6,150,149,-9.5,1,2
"2268",0.00371546560251504,-0.545660749352868,10.1509554399382,6,150,149,-14.5,0,2
"2269",0.00371546560251504,-0.545660749352868,10.1509554399382,6,150,149,9.5,1,2
"2270",0.00371546560251504,-0.545660749352868,10.1509554399382,6,150,149,-14.5,0,2
"2271",0.00371546560251504,-0.545660749352868,10.1509554399382,6,150,149,9.5,1,2
"2272",0.00371546560251504,-0.545660749352868,10.1509554399382,6,150,149,-13.5,0,2
"2273",0.00371546560251504,-0.545660749352868,10.1509554399382,6,150,149,8.5,0,2
"2274",0.00371546560251504,-0.545660749352868,10.1509554399382,6,150,149,13.5,1,2
"2275",0.00371546560251504,-0.545660749352868,10.1509554399382,6,150,149,-13.5,0,2
"2276",0.00371546560251504,-0.545660749352868,10.1509554399382,6,150,149,12.5,1,2
"2277",0.00371546560251504,-0.545660749352868,10.1509554399382,6,150,149,-12.5,0,2
"2278",0.00371546560251504,-0.545660749352868,10.1509554399382,6,150,149,11.5,1,2
"2279",0.00371546560251504,-0.545660749352868,10.1509554399382,6,150,149,-11.5,0,2
"2280",0.00371546560251504,-0.545660749352868,10.1509554399382,6,150,149,11.5,1,2
"2281",0.00371546560251504,-0.545660749352868,10.1509554399382,6,150,149,-10.5,0,2
"2282",0.00371546560251504,-0.545660749352868,10.1509554399382,6,150,149,10.5,1,2
"2283",0.00371546560251504,-0.545660749352868,10.1509554399382,6,150,149,-8.5,0,2
"2284",0.00371546560251504,-0.545660749352868,10.1509554399382,6,150,149,7.5,1,2
"2285",0.00371546560251504,-0.545660749352868,10.1509554399382,6,150,149,-9.5,0,2
"2286",0.00371546560251504,-0.545660749352868,10.1509554399382,6,150,149,-8.5,0,2
"2287",0.00371546560251504,-0.545660749352868,10.1509554399382,6,150,149,8.5,1,2
"2288",0.00371546560251504,-0.545660749352868,10.1509554399382,6,150,149,-7.5,1,2
"2289",0.00371546560251504,-0.545660749352868,10.1509554399382,6,150,149,8.5,1,2
"2290",0.00371546560251504,-0.545660749352868,10.1509554399382,6,150,149,7.5,0,2
"2291",0.00371546560251504,-0.545660749352868,10.1509554399382,6,150,149,-11.5,0,2
"2292",0.00371546560251504,-0.545660749352868,10.1509554399382,6,150,149,10.5,1,2
"2293",0.00371546560251504,-0.545660749352868,10.1509554399382,6,150,149,-10.5,0,2
"2294",0.00371546560251504,-0.545660749352868,10.1509554399382,6,150,149,10.5,1,2
"2295",0.00371546560251504,-0.545660749352868,10.1509554399382,6,150,149,-10.5,0,2
"2296",0.00371546560251504,-0.545660749352868,10.1509554399382,6,150,149,9.5,1,2
"2297",0.00371546560251504,-0.545660749352868,10.1509554399382,6,150,149,-9.5,1,2
"2298",0.00371546560251504,-0.545660749352868,10.1509554399382,6,150,149,-12.5,0,2
"2299",0.00371546560251504,-0.545660749352868,10.1509554399382,6,150,149,9.5,0,2
"2300",0.00371546560251504,-0.545660749352868,10.1509554399382,6,150,149,12.5,1,2
"2301",0.00371546560251504,-0.545660749352868,10.1509554399382,6,150,149,-12.5,0,2
"2302",0.00371546560251504,-0.545660749352868,10.1509554399382,6,150,149,11.5,1,2
"2303",0.00371546560251504,-0.545660749352868,10.1509554399382,6,150,149,-11.5,0,2
"2304",0.00371546560251504,-0.545660749352868,10.1509554399382,6,150,149,11.5,1,2
"2305",0.00371546560251504,-0.545660749352868,10.1509554399382,6,150,149,-11.5,0,2
"2306",0.00371546560251504,-0.545660749352868,10.1509554399382,6,150,149,10.5,1,2
"2307",0.00371546560251504,-0.545660749352868,10.1509554399382,6,150,149,-10.5,0,2
"2308",0.00371546560251504,-0.545660749352868,10.1509554399382,6,150,149,9.5,0,2
"2309",0.00371546560251504,-0.545660749352868,10.1509554399382,6,150,149,-10.5,0,2
"2310",0.00371546560251504,-0.545660749352868,10.1509554399382,6,150,149,11.5,0,2
"2311",0.00371546560251504,-0.545660749352868,10.1509554399382,6,150,149,14.5,1,2
"2312",0.00371546560251504,-0.545660749352868,10.1509554399382,6,150,149,13.5,0,2
"2313",0.00371546560251504,-0.545660749352868,10.1509554399382,6,150,149,15.5,1,2
"2314",0.00371546560251504,-0.545660749352868,10.1509554399382,6,150,149,-11.5,0,2
"2315",0.00371546560251504,-0.545660749352868,10.1509554399382,6,150,149,15.5,1,2
"2316",0.00371546560251504,-0.545660749352868,10.1509554399382,6,150,149,-11.5,0,2
"2317",0.00371546560251504,-0.545660749352868,10.1509554399382,6,150,149,14.5,1,2
"2318",0.00371546560251504,-0.545660749352868,10.1509554399382,6,150,149,-10.5,0,2
"2319",0.00371546560251504,-0.545660749352868,10.1509554399382,6,150,149,-10.5,0,2
"2320",0.00371546560251504,-0.545660749352868,10.1509554399382,6,150,149,14.5,0,2
"2321",0.00371546560251504,-0.545660749352868,10.1509554399382,6,150,149,16.5,1,2
"2322",0.00371546560251504,-0.545660749352868,10.1509554399382,6,150,149,15.5,1,2
"2323",0.00371546560251504,-0.545660749352868,10.1509554399382,6,150,149,-10.5,0,2
"2324",0.00371546560251504,-0.545660749352868,10.1509554399382,6,150,149,15.5,1,2
"2325",0.00371546560251504,-0.545660749352868,10.1509554399382,6,150,149,-9.5,0,2
"2326",0.00371546560251504,-0.545660749352868,10.1509554399382,6,150,149,-9.5,0,2
"2327",0.00371546560251504,-0.545660749352868,10.1509554399382,6,150,149,14.5,1,2
"2328",0.00371546560251504,-0.545660749352868,10.1509554399382,6,150,149,-9.5,0,2
"2329",0.00371546560251504,-0.545660749352868,10.1509554399382,6,150,149,14.5,1,2
"2330",0.00371546560251504,-0.545660749352868,10.1509554399382,6,150,149,-8.5,1,2
"2331",0.00371546560251504,-0.545660749352868,10.1509554399382,6,150,149,14.5,1,2
"2332",0.00371546560251504,-0.545660749352868,10.1509554399382,6,150,149,-10.5,0,2
"2333",0.00371546560251504,-0.545660749352868,10.1509554399382,6,150,149,14.5,1,2
"2334",0.00371546560251504,-0.545660749352868,10.1509554399382,6,150,149,-9.5,0,2
"2335",0.00371546560251504,-0.545660749352868,10.1509554399382,6,150,149,-9.5,1,2
"2336",0.00371546560251504,-0.545660749352868,10.1509554399382,6,150,149,14.5,1,2
"2337",0.00371546560251504,-0.545660749352868,10.1509554399382,6,150,149,-11.5,0,2
"2338",0.00371546560251504,-0.545660749352868,10.1509554399382,6,150,149,13.5,1,2
"2339",0.00371546560251504,-0.545660749352868,10.1509554399382,6,150,149,-10.5,0,2
"2340",0.00371546560251504,-0.545660749352868,10.1509554399382,6,150,149,13.5,1,2
"2341",0.00371546560251504,-0.545660749352868,10.1509554399382,6,150,149,-10.5,0,2
"2342",0.00371546560251504,-0.545660749352868,10.1509554399382,6,150,149,13.5,1,2
"2343",0.00371546560251504,-0.545660749352868,10.1509554399382,6,150,149,-9.5,0,2
"2344",0.00371546560251504,-0.545660749352868,10.1509554399382,6,150,149,12.5,1,2
"2345",0.00371546560251504,-0.545660749352868,10.1509554399382,6,150,149,-9.5,0,2
"2346",0.00371546560251504,-0.545660749352868,10.1509554399382,6,150,149,12.5,1,2
"2347",0.00371546560251504,-0.545660749352868,10.1509554399382,6,150,149,-9.5,0,2
"2348",0.00371546560251504,-0.545660749352868,10.1509554399382,6,150,149,12.5,1,2
"2349",0.00371546560251504,-0.545660749352868,10.1509554399382,6,150,149,-9.5,0,2
"2350",0.00371546560251504,-0.545660749352868,10.1509554399382,6,150,149,11.5,1,2
"2351",0.00371546560251504,-0.545660749352868,10.1509554399382,6,150,149,-8.5,0,2
"2352",0.00371546560251504,-0.545660749352868,10.1509554399382,6,150,149,-8.5,0,2
"2353",0.00371546560251504,-0.545660749352868,10.1509554399382,6,150,149,11.5,1,2
"2354",0.00371546560251504,-0.545660749352868,10.1509554399382,6,150,149,-8.5,0,2
"2355",0.00371546560251504,-0.545660749352868,10.1509554399382,6,150,149,11.5,1,2
"2356",0.00371546560251504,-0.545660749352868,10.1509554399382,6,150,149,-8.5,0,2
"2357",0.00371546560251504,-0.545660749352868,10.1509554399382,6,150,149,11.5,0,2
"2358",0.00371546560251504,-0.545660749352868,10.1509554399382,6,150,149,-8.5,0,2
"2359",0.00371546560251504,-0.545660749352868,10.1509554399382,6,150,149,12.5,1,2
"2360",0.00371546560251504,-0.545660749352868,10.1509554399382,6,150,149,-7.5,0,2
"2361",0.00371546560251504,-0.545660749352868,10.1509554399382,6,150,149,-7.5,0,2
"2362",0.00371546560251504,-0.545660749352868,10.1509554399382,6,150,149,11.5,1,2
"2363",0.00371546560251504,-0.545660749352868,10.1509554399382,6,150,149,-7.5,1,2
"2364",0.00371546560251504,-0.545660749352868,10.1509554399382,6,150,149,11.5,1,2
"2365",0.00371546560251504,-0.545660749352868,10.1509554399382,6,150,149,11.5,1,2
"2366",0.00371546560251504,-0.545660749352868,10.1509554399382,6,150,149,-8.5,0,2
"2367",0.00371546560251504,-0.545660749352868,10.1509554399382,6,150,149,11.5,1,2
"2368",0.00371546560251504,-0.545660749352868,10.1509554399382,6,150,149,-8.5,0,2
"2369",0.00371546560251504,-0.545660749352868,10.1509554399382,6,150,149,11.5,1,2
"2370",0.00371546560251504,-0.545660749352868,10.1509554399382,6,150,149,-7.5,1,2
"2371",0.00371546560251504,-0.545660749352868,10.1509554399382,6,150,149,11.5,1,2
"2372",0.00371546560251504,-0.545660749352868,10.1509554399382,6,150,149,11.5,1,2
"2373",0.00371546560251504,-0.545660749352868,10.1509554399382,6,150,149,-8.5,0,2
"2374",0.00371546560251504,-0.545660749352868,10.1509554399382,6,150,149,10.5,0,2
"2375",0.00371546560251504,-0.545660749352868,10.1509554399382,6,150,149,-8.5,1,2
"2376",0.00371546560251504,-0.545660749352868,10.1509554399382,6,150,149,-9.5,0,2
"2377",0.00371546560251504,-0.545660749352868,10.1509554399382,6,150,149,11.5,1,2
"2378",0.00371546560251504,-0.545660749352868,10.1509554399382,6,150,149,-9.5,0,2
"2379",0.00371546560251504,-0.545660749352868,10.1509554399382,6,150,149,11.5,1,2
"2380",0.00371546560251504,-0.545660749352868,10.1509554399382,6,150,149,11.5,0,2
"2381",0.00371546560251504,-0.545660749352868,10.1509554399382,6,150,149,-9.5,0,2
"2382",0.00371546560251504,-0.545660749352868,10.1509554399382,6,150,149,12.5,1,2
"2383",0.00371546560251504,-0.545660749352868,10.1509554399382,6,150,149,-9.5,0,2
"2384",0.00371546560251504,-0.545660749352868,10.1509554399382,6,150,149,-9.5,0,2
"2385",0.00371546560251504,-0.545660749352868,10.1509554399382,6,150,149,12.5,1,2
"2386",0.00371546560251504,-0.545660749352868,10.1509554399382,6,150,149,-8.5,0,2
"2387",0.00371546560251504,-0.545660749352868,10.1509554399382,6,150,149,11.5,1,2
"2388",0.00371546560251504,-0.545660749352868,10.1509554399382,6,150,149,-8.5,0,2
"2389",0.00371546560251504,-0.545660749352868,10.1509554399382,6,150,149,11.5,0,2
"2390",0.00371546560251504,-0.545660749352868,10.1509554399382,6,150,149,12.5,1,2
"2391",0.00371546560251504,-0.545660749352868,10.1509554399382,6,150,149,-8.5,0,2
"2392",0.00371546560251504,-0.545660749352868,10.1509554399382,6,150,149,-8.5,0,2
"2393",0.00371546560251504,-0.545660749352868,10.1509554399382,6,150,149,12.5,1,2
"2394",0.00371546560251504,-0.545660749352868,10.1509554399382,6,150,149,-8.5,1,2
"2395",0.00371546560251504,-0.545660749352868,10.1509554399382,6,150,149,12.5,1,2
"2396",0.00371546560251504,-0.545660749352868,10.1509554399382,6,150,149,12.5,1,2
"2397",0.00371546560251504,-0.545660749352868,10.1509554399382,6,150,149,-9.5,0,2
"2398",0.00371546560251504,-0.545660749352868,10.1509554399382,6,150,149,-9.5,0,2
"2399",0.00371546560251504,-0.545660749352868,10.1509554399382,6,150,149,12.5,1,2
"2400",0.00371546560251504,-0.545660749352868,10.1509554399382,6,150,149,-8.5,0,2
"2401",0.0984008681165641,-5.20171955811921,7.97082327114525,7,150,149,-0.5,1,2
"2402",0.0984008681165641,-5.20171955811921,7.97082327114525,7,150,149,-23.5,0,2
"2403",0.0984008681165641,-5.20171955811921,7.97082327114525,7,150,149,-11.5,0,2
"2404",0.0984008681165641,-5.20171955811921,7.97082327114525,7,150,149,0.5,1,2
"2405",0.0984008681165641,-5.20171955811921,7.97082327114525,7,150,149,-7.5,0,2
"2406",0.0984008681165641,-5.20171955811921,7.97082327114525,7,150,149,-3.5,0,2
"2407",0.0984008681165641,-5.20171955811921,7.97082327114525,7,150,149,3.5,1,2
"2408",0.0984008681165641,-5.20171955811921,7.97082327114525,7,150,149,2.5,0,2
"2409",0.0984008681165641,-5.20171955811921,7.97082327114525,7,150,149,9.5,1,2
"2410",0.0984008681165641,-5.20171955811921,7.97082327114525,7,150,149,8.5,1,2
"2411",0.0984008681165641,-5.20171955811921,7.97082327114525,7,150,149,-8.5,0,2
"2412",0.0984008681165641,-5.20171955811921,7.97082327114525,7,150,149,7.5,1,2
"2413",0.0984008681165641,-5.20171955811921,7.97082327114525,7,150,149,-7.5,1,2
"2414",0.0984008681165641,-5.20171955811921,7.97082327114525,7,150,149,-13.5,0,2
"2415",0.0984008681165641,-5.20171955811921,7.97082327114525,7,150,149,-12.5,1,2
"2416",0.0984008681165641,-5.20171955811921,7.97082327114525,7,150,149,-17.5,0,2
"2417",0.0984008681165641,-5.20171955811921,7.97082327114525,7,150,149,-16.5,0,2
"2418",0.0984008681165641,-5.20171955811921,7.97082327114525,7,150,149,8.5,1,2
"2419",0.0984008681165641,-5.20171955811921,7.97082327114525,7,150,149,-16.5,0,2
"2420",0.0984008681165641,-5.20171955811921,7.97082327114525,7,150,149,7.5,1,2
"2421",0.0984008681165641,-5.20171955811921,7.97082327114525,7,150,149,-15.5,0,2
"2422",0.0984008681165641,-5.20171955811921,7.97082327114525,7,150,149,6.5,0,2
"2423",0.0984008681165641,-5.20171955811921,7.97082327114525,7,150,149,10.5,0,2
"2424",0.0984008681165641,-5.20171955811921,7.97082327114525,7,150,149,14.5,1,2
"2425",0.0984008681165641,-5.20171955811921,7.97082327114525,7,150,149,13.5,1,2
"2426",0.0984008681165641,-5.20171955811921,7.97082327114525,7,150,149,13.5,1,2
"2427",0.0984008681165641,-5.20171955811921,7.97082327114525,7,150,149,-15.5,0,2
"2428",0.0984008681165641,-5.20171955811921,7.97082327114525,7,150,149,13.5,1,2
"2429",0.0984008681165641,-5.20171955811921,7.97082327114525,7,150,149,-15.5,0,2
"2430",0.0984008681165641,-5.20171955811921,7.97082327114525,7,150,149,12.5,1,2
"2431",0.0984008681165641,-5.20171955811921,7.97082327114525,7,150,149,-15.5,0,2
"2432",0.0984008681165641,-5.20171955811921,7.97082327114525,7,150,149,12.5,1,2
"2433",0.0984008681165641,-5.20171955811921,7.97082327114525,7,150,149,-14.5,0,2
"2434",0.0984008681165641,-5.20171955811921,7.97082327114525,7,150,149,11.5,1,2
"2435",0.0984008681165641,-5.20171955811921,7.97082327114525,7,150,149,-13.5,0,2
"2436",0.0984008681165641,-5.20171955811921,7.97082327114525,7,150,149,11.5,1,2
"2437",0.0984008681165641,-5.20171955811921,7.97082327114525,7,150,149,-13.5,1,2
"2438",0.0984008681165641,-5.20171955811921,7.97082327114525,7,150,149,-16.5,0,2
"2439",0.0984008681165641,-5.20171955811921,7.97082327114525,7,150,149,11.5,0,2
"2440",0.0984008681165641,-5.20171955811921,7.97082327114525,7,150,149,14.5,1,2
"2441",0.0984008681165641,-5.20171955811921,7.97082327114525,7,150,149,-16.5,0,2
"2442",0.0984008681165641,-5.20171955811921,7.97082327114525,7,150,149,13.5,1,2
"2443",0.0984008681165641,-5.20171955811921,7.97082327114525,7,150,149,-16.5,0,2
"2444",0.0984008681165641,-5.20171955811921,7.97082327114525,7,150,149,13.5,1,2
"2445",0.0984008681165641,-5.20171955811921,7.97082327114525,7,150,149,-15.5,0,2
"2446",0.0984008681165641,-5.20171955811921,7.97082327114525,7,150,149,12.5,1,2
"2447",0.0984008681165641,-5.20171955811921,7.97082327114525,7,150,149,-14.5,0,2
"2448",0.0984008681165641,-5.20171955811921,7.97082327114525,7,150,149,12.5,1,2
"2449",0.0984008681165641,-5.20171955811921,7.97082327114525,7,150,149,-14.5,1,2
"2450",0.0984008681165641,-5.20171955811921,7.97082327114525,7,150,149,-17.5,0,2
"2451",0.0984008681165641,-5.20171955811921,7.97082327114525,7,150,149,12.5,0,2
"2452",0.0984008681165641,-5.20171955811921,7.97082327114525,7,150,149,14.5,1,2
"2453",0.0984008681165641,-5.20171955811921,7.97082327114525,7,150,149,-17.5,0,2
"2454",0.0984008681165641,-5.20171955811921,7.97082327114525,7,150,149,14.5,1,2
"2455",0.0984008681165641,-5.20171955811921,7.97082327114525,7,150,149,-16.5,0,2
"2456",0.0984008681165641,-5.20171955811921,7.97082327114525,7,150,149,13.5,0,2
"2457",0.0984008681165641,-5.20171955811921,7.97082327114525,7,150,149,16.5,1,2
"2458",0.0984008681165641,-5.20171955811921,7.97082327114525,7,150,149,-16.5,0,2
"2459",0.0984008681165641,-5.20171955811921,7.97082327114525,7,150,149,15.5,1,2
"2460",0.0984008681165641,-5.20171955811921,7.97082327114525,7,150,149,-16.5,0,2
"2461",0.0984008681165641,-5.20171955811921,7.97082327114525,7,150,149,15.5,1,2
"2462",0.0984008681165641,-5.20171955811921,7.97082327114525,7,150,149,-15.5,1,2
"2463",0.0984008681165641,-5.20171955811921,7.97082327114525,7,150,149,-18.5,0,2
"2464",0.0984008681165641,-5.20171955811921,7.97082327114525,7,150,149,15.5,1,2
"2465",0.0984008681165641,-5.20171955811921,7.97082327114525,7,150,149,-17.5,1,2
"2466",0.0984008681165641,-5.20171955811921,7.97082327114525,7,150,149,-19.5,0,2
"2467",0.0984008681165641,-5.20171955811921,7.97082327114525,7,150,149,15.5,1,2
"2468",0.0984008681165641,-5.20171955811921,7.97082327114525,7,150,149,-19.5,0,2
"2469",0.0984008681165641,-5.20171955811921,7.97082327114525,7,150,149,15.5,1,2
"2470",0.0984008681165641,-5.20171955811921,7.97082327114525,7,150,149,-19.5,0,2
"2471",0.0984008681165641,-5.20171955811921,7.97082327114525,7,150,149,14.5,1,2
"2472",0.0984008681165641,-5.20171955811921,7.97082327114525,7,150,149,-18.5,1,2
"2473",0.0984008681165641,-5.20171955811921,7.97082327114525,7,150,149,-20.5,0,2
"2474",0.0984008681165641,-5.20171955811921,7.97082327114525,7,150,149,14.5,0,2
"2475",0.0984008681165641,-5.20171955811921,7.97082327114525,7,150,149,16.5,1,2
"2476",0.0984008681165641,-5.20171955811921,7.97082327114525,7,150,149,-20.5,0,2
"2477",0.0984008681165641,-5.20171955811921,7.97082327114525,7,150,149,16.5,1,2
"2478",0.0984008681165641,-5.20171955811921,7.97082327114525,7,150,149,-20.5,0,2
"2479",0.0984008681165641,-5.20171955811921,7.97082327114525,7,150,149,15.5,1,2
"2480",0.0984008681165641,-5.20171955811921,7.97082327114525,7,150,149,-19.5,0,2
"2481",0.0984008681165641,-5.20171955811921,7.97082327114525,7,150,149,15.5,1,2
"2482",0.0984008681165641,-5.20171955811921,7.97082327114525,7,150,149,-19.5,0,2
"2483",0.0984008681165641,-5.20171955811921,7.97082327114525,7,150,149,15.5,1,2
"2484",0.0984008681165641,-5.20171955811921,7.97082327114525,7,150,149,-19.5,0,2
"2485",0.0984008681165641,-5.20171955811921,7.97082327114525,7,150,149,14.5,1,2
"2486",0.0984008681165641,-5.20171955811921,7.97082327114525,7,150,149,-18.5,0,2
"2487",0.0984008681165641,-5.20171955811921,7.97082327114525,7,150,149,14.5,0,2
"2488",0.0984008681165641,-5.20171955811921,7.97082327114525,7,150,149,16.5,0,2
"2489",0.0984008681165641,-5.20171955811921,7.97082327114525,7,150,149,17.5,1,2
"2490",0.0984008681165641,-5.20171955811921,7.97082327114525,7,150,149,-19.5,0,2
"2491",0.0984008681165641,-5.20171955811921,7.97082327114525,7,150,149,17.5,1,2
"2492",0.0984008681165641,-5.20171955811921,7.97082327114525,7,150,149,-18.5,0,2
"2493",0.0984008681165641,-5.20171955811921,7.97082327114525,7,150,149,17.5,1,2
"2494",0.0984008681165641,-5.20171955811921,7.97082327114525,7,150,149,-18.5,0,2
"2495",0.0984008681165641,-5.20171955811921,7.97082327114525,7,150,149,16.5,1,2
"2496",0.0984008681165641,-5.20171955811921,7.97082327114525,7,150,149,-18.5,0,2
"2497",0.0984008681165641,-5.20171955811921,7.97082327114525,7,150,149,16.5,1,2
"2498",0.0984008681165641,-5.20171955811921,7.97082327114525,7,150,149,-17.5,0,2
"2499",0.0984008681165641,-5.20171955811921,7.97082327114525,7,150,149,16.5,0,2
"2500",0.0984008681165641,-5.20171955811921,7.97082327114525,7,150,149,17.5,1,2
"2501",0.0984008681165641,-5.20171955811921,7.97082327114525,7,150,149,-18.5,0,2
"2502",0.0984008681165641,-5.20171955811921,7.97082327114525,7,150,149,17.5,1,2
"2503",0.0984008681165641,-5.20171955811921,7.97082327114525,7,150,149,-17.5,1,2
"2504",0.0984008681165641,-5.20171955811921,7.97082327114525,7,150,149,-19.5,0,2
"2505",0.0984008681165641,-5.20171955811921,7.97082327114525,7,150,149,17.5,1,2
"2506",0.0984008681165641,-5.20171955811921,7.97082327114525,7,150,149,-18.5,0,2
"2507",0.0984008681165641,-5.20171955811921,7.97082327114525,7,150,149,17.5,0,2
"2508",0.0984008681165641,-5.20171955811921,7.97082327114525,7,150,149,18.5,0,2
"2509",0.0984008681165641,-5.20171955811921,7.97082327114525,7,150,149,20.5,1,2
"2510",0.0984008681165641,-5.20171955811921,7.97082327114525,7,150,149,-19.5,0,2
"2511",0.0984008681165641,-5.20171955811921,7.97082327114525,7,150,149,19.5,0,2
"2512",0.0984008681165641,-5.20171955811921,7.97082327114525,7,150,149,21.5,1,2
"2513",0.0984008681165641,-5.20171955811921,7.97082327114525,7,150,149,21.5,1,2
"2514",0.0984008681165641,-5.20171955811921,7.97082327114525,7,150,149,-19.5,0,2
"2515",0.0984008681165641,-5.20171955811921,7.97082327114525,7,150,149,20.5,1,2
"2516",0.0984008681165641,-5.20171955811921,7.97082327114525,7,150,149,-19.5,1,2
"2517",0.0984008681165641,-5.20171955811921,7.97082327114525,7,150,149,-20.5,0,2
"2518",0.0984008681165641,-5.20171955811921,7.97082327114525,7,150,149,20.5,1,2
"2519",0.0984008681165641,-5.20171955811921,7.97082327114525,7,150,149,-20.5,0,2
"2520",0.0984008681165641,-5.20171955811921,7.97082327114525,7,150,149,20.5,1,2
"2521",0.0984008681165641,-5.20171955811921,7.97082327114525,7,150,149,-19.5,0,2
"2522",0.0984008681165641,-5.20171955811921,7.97082327114525,7,150,149,20.5,1,2
"2523",0.0984008681165641,-5.20171955811921,7.97082327114525,7,150,149,-19.5,0,2
"2524",0.0984008681165641,-5.20171955811921,7.97082327114525,7,150,149,20.5,1,2
"2525",0.0984008681165641,-5.20171955811921,7.97082327114525,7,150,149,-19.5,0,2
"2526",0.0984008681165641,-5.20171955811921,7.97082327114525,7,150,149,19.5,1,2
"2527",0.0984008681165641,-5.20171955811921,7.97082327114525,7,150,149,-19.5,0,2
"2528",0.0984008681165641,-5.20171955811921,7.97082327114525,7,150,149,-18.5,0,2
"2529",0.0984008681165641,-5.20171955811921,7.97082327114525,7,150,149,19.5,0,2
"2530",0.0984008681165641,-5.20171955811921,7.97082327114525,7,150,149,20.5,1,2
"2531",0.0984008681165641,-5.20171955811921,7.97082327114525,7,150,149,20.5,0,2
"2532",0.0984008681165641,-5.20171955811921,7.97082327114525,7,150,149,21.5,1,2
"2533",0.0984008681165641,-5.20171955811921,7.97082327114525,7,150,149,-19.5,0,2
"2534",0.0984008681165641,-5.20171955811921,7.97082327114525,7,150,149,21.5,1,2
"2535",0.0984008681165641,-5.20171955811921,7.97082327114525,7,150,149,-18.5,1,2
"2536",0.0984008681165641,-5.20171955811921,7.97082327114525,7,150,149,-20.5,0,2
"2537",0.0984008681165641,-5.20171955811921,7.97082327114525,7,150,149,21.5,1,2
"2538",0.0984008681165641,-5.20171955811921,7.97082327114525,7,150,149,-19.5,0,2
"2539",0.0984008681165641,-5.20171955811921,7.97082327114525,7,150,149,21.5,0,2
"2540",0.0984008681165641,-5.20171955811921,7.97082327114525,7,150,149,22.5,1,2
"2541",0.0984008681165641,-5.20171955811921,7.97082327114525,7,150,149,-19.5,0,2
"2542",0.0984008681165641,-5.20171955811921,7.97082327114525,7,150,149,22.5,1,2
"2543",0.0984008681165641,-5.20171955811921,7.97082327114525,7,150,149,-19.5,0,2
"2544",0.0984008681165641,-5.20171955811921,7.97082327114525,7,150,149,22.5,1,2
"2545",0.0984008681165641,-5.20171955811921,7.97082327114525,7,150,149,-19.5,0,2
"2546",0.0984008681165641,-5.20171955811921,7.97082327114525,7,150,149,21.5,1,2
"2547",0.0984008681165641,-5.20171955811921,7.97082327114525,7,150,149,-19.5,0,2
"2548",0.0984008681165641,-5.20171955811921,7.97082327114525,7,150,149,21.5,1,2
"2549",0.0984008681165641,-5.20171955811921,7.97082327114525,7,150,149,-19.5,0,2
"2550",0.0984008681165641,-5.20171955811921,7.97082327114525,7,150,149,21.5,1,2
"2551",0.254024162846168,5.65843459347196,9.92810146621695,8,150,149,-0.5,0,2
"2552",0.254024162846168,5.65843459347196,9.92810146621695,8,150,149,22.5,0,2
"2553",0.254024162846168,5.65843459347196,9.92810146621695,8,150,149,34.5,1,2
"2554",0.254024162846168,5.65843459347196,9.92810146621695,8,150,149,27.5,1,2
"2555",0.254024162846168,5.65843459347196,9.92810146621695,8,150,149,19.5,1,2
"2556",0.254024162846168,5.65843459347196,9.92810146621695,8,150,149,10.5,1,2
"2557",0.254024162846168,5.65843459347196,9.92810146621695,8,150,149,4.5,0,2
"2558",0.254024162846168,5.65843459347196,9.92810146621695,8,150,149,10.5,0,2
"2559",0.254024162846168,5.65843459347196,9.92810146621695,8,150,149,22.5,1,2
"2560",0.254024162846168,5.65843459347196,9.92810146621695,8,150,149,4.5,0,2
"2561",0.254024162846168,5.65843459347196,9.92810146621695,8,150,149,24.5,1,2
"2562",0.254024162846168,5.65843459347196,9.92810146621695,8,150,149,4.5,1,2
"2563",0.254024162846168,5.65843459347196,9.92810146621695,8,150,149,-0.5,1,2
"2564",0.254024162846168,5.65843459347196,9.92810146621695,8,150,149,-4.5,1,2
"2565",0.254024162846168,5.65843459347196,9.92810146621695,8,150,149,-6.5,1,2
"2566",0.254024162846168,5.65843459347196,9.92810146621695,8,150,149,-8.5,0,2
"2567",0.254024162846168,5.65843459347196,9.92810146621695,8,150,149,-8.5,1,2
"2568",0.254024162846168,5.65843459347196,9.92810146621695,8,150,149,-9.5,1,2
"2569",0.254024162846168,5.65843459347196,9.92810146621695,8,150,149,-11.5,0,2
"2570",0.254024162846168,5.65843459347196,9.92810146621695,8,150,149,-10.5,1,2
"2571",0.254024162846168,5.65843459347196,9.92810146621695,8,150,149,-12.5,0,2
"2572",0.254024162846168,5.65843459347196,9.92810146621695,8,150,149,-11.5,0,2
"2573",0.254024162846168,5.65843459347196,9.92810146621695,8,150,149,-10.5,0,2
"2574",0.254024162846168,5.65843459347196,9.92810146621695,8,150,149,-9.5,1,2
"2575",0.254024162846168,5.65843459347196,9.92810146621695,8,150,149,-11.5,0,2
"2576",0.254024162846168,5.65843459347196,9.92810146621695,8,150,149,-10.5,1,2
"2577",0.254024162846168,5.65843459347196,9.92810146621695,8,150,149,-12.5,0,2
"2578",0.254024162846168,5.65843459347196,9.92810146621695,8,150,149,-11.5,1,2
"2579",0.254024162846168,5.65843459347196,9.92810146621695,8,150,149,-13.5,1,2
"2580",0.254024162846168,5.65843459347196,9.92810146621695,8,150,149,-14.5,0,2
"2581",0.254024162846168,5.65843459347196,9.92810146621695,8,150,149,-13.5,0,2
"2582",0.254024162846168,5.65843459347196,9.92810146621695,8,150,149,-13.5,1,2
"2583",0.254024162846168,5.65843459347196,9.92810146621695,8,150,149,-14.5,0,2
"2584",0.254024162846168,5.65843459347196,9.92810146621695,8,150,149,-13.5,0,2
"2585",0.254024162846168,5.65843459347196,9.92810146621695,8,150,149,6.5,1,2
"2586",0.254024162846168,5.65843459347196,9.92810146621695,8,150,149,-16.5,0,2
"2587",0.254024162846168,5.65843459347196,9.92810146621695,8,150,149,8.5,0,2
"2588",0.254024162846168,5.65843459347196,9.92810146621695,8,150,149,8.5,1,2
"2589",0.254024162846168,5.65843459347196,9.92810146621695,8,150,149,8.5,0,2
"2590",0.254024162846168,5.65843459347196,9.92810146621695,8,150,149,7.5,1,2
"2591",0.254024162846168,5.65843459347196,9.92810146621695,8,150,149,7.5,0,2
"2592",0.254024162846168,5.65843459347196,9.92810146621695,8,150,149,7.5,1,2
"2593",0.254024162846168,5.65843459347196,9.92810146621695,8,150,149,-13.5,1,2
"2594",0.254024162846168,5.65843459347196,9.92810146621695,8,150,149,-13.5,0,2
"2595",0.254024162846168,5.65843459347196,9.92810146621695,8,150,149,-13.5,0,2
"2596",0.254024162846168,5.65843459347196,9.92810146621695,8,150,149,9.5,1,2
"2597",0.254024162846168,5.65843459347196,9.92810146621695,8,150,149,9.5,1,2
"2598",0.254024162846168,5.65843459347196,9.92810146621695,8,150,149,-17.5,0,2
"2599",0.254024162846168,5.65843459347196,9.92810146621695,8,150,149,11.5,1,2
"2600",0.254024162846168,5.65843459347196,9.92810146621695,8,150,149,-18.5,0,2
"2601",0.254024162846168,5.65843459347196,9.92810146621695,8,150,149,13.5,1,2
"2602",0.254024162846168,5.65843459347196,9.92810146621695,8,150,149,-20.5,0,2
"2603",0.254024162846168,5.65843459347196,9.92810146621695,8,150,149,14.5,0,2
"2604",0.254024162846168,5.65843459347196,9.92810146621695,8,150,149,13.5,1,2
"2605",0.254024162846168,5.65843459347196,9.92810146621695,8,150,149,-18.5,0,2
"2606",0.254024162846168,5.65843459347196,9.92810146621695,8,150,149,14.5,0,2
"2607",0.254024162846168,5.65843459347196,9.92810146621695,8,150,149,13.5,1,2
"2608",0.254024162846168,5.65843459347196,9.92810146621695,8,150,149,14.5,1,2
"2609",0.254024162846168,5.65843459347196,9.92810146621695,8,150,149,-17.5,0,2
"2610",0.254024162846168,5.65843459347196,9.92810146621695,8,150,149,15.5,1,2
"2611",0.254024162846168,5.65843459347196,9.92810146621695,8,150,149,-18.5,0,2
"2612",0.254024162846168,5.65843459347196,9.92810146621695,8,150,149,16.5,1,2
"2613",0.254024162846168,5.65843459347196,9.92810146621695,8,150,149,-19.5,1,2
"2614",0.254024162846168,5.65843459347196,9.92810146621695,8,150,149,-19.5,1,2
"2615",0.254024162846168,5.65843459347196,9.92810146621695,8,150,149,-18.5,0,2
"2616",0.254024162846168,5.65843459347196,9.92810146621695,8,150,149,-18.5,0,2
"2617",0.254024162846168,5.65843459347196,9.92810146621695,8,150,149,-18.5,0,2
"2618",0.254024162846168,5.65843459347196,9.92810146621695,8,150,149,14.5,1,2
"2619",0.254024162846168,5.65843459347196,9.92810146621695,8,150,149,14.5,1,2
"2620",0.254024162846168,5.65843459347196,9.92810146621695,8,150,149,-20.5,0,2
"2621",0.254024162846168,5.65843459347196,9.92810146621695,8,150,149,15.5,0,2
"2622",0.254024162846168,5.65843459347196,9.92810146621695,8,150,149,14.5,0,2
"2623",0.254024162846168,5.65843459347196,9.92810146621695,8,150,149,13.5,1,2
"2624",0.254024162846168,5.65843459347196,9.92810146621695,8,150,149,13.5,0,2
"2625",0.254024162846168,5.65843459347196,9.92810146621695,8,150,149,13.5,1,2
"2626",0.254024162846168,5.65843459347196,9.92810146621695,8,150,149,-15.5,1,2
"2627",0.254024162846168,5.65843459347196,9.92810146621695,8,150,149,-14.5,1,2
"2628",0.254024162846168,5.65843459347196,9.92810146621695,8,150,149,-14.5,0,2
"2629",0.254024162846168,5.65843459347196,9.92810146621695,8,150,149,-14.5,0,2
"2630",0.254024162846168,5.65843459347196,9.92810146621695,8,150,149,11.5,0,2
"2631",0.254024162846168,5.65843459347196,9.92810146621695,8,150,149,10.5,1,2
"2632",0.254024162846168,5.65843459347196,9.92810146621695,8,150,149,10.5,0,2
"2633",0.254024162846168,5.65843459347196,9.92810146621695,8,150,149,9.5,1,2
"2634",0.254024162846168,5.65843459347196,9.92810146621695,8,150,149,-12.5,0,2
"2635",0.254024162846168,5.65843459347196,9.92810146621695,8,150,149,11.5,1,2
"2636",0.254024162846168,5.65843459347196,9.92810146621695,8,150,149,-14.5,0,2
"2637",0.254024162846168,5.65843459347196,9.92810146621695,8,150,149,13.5,0,2
"2638",0.254024162846168,5.65843459347196,9.92810146621695,8,150,149,12.5,1,2
"2639",0.254024162846168,5.65843459347196,9.92810146621695,8,150,149,12.5,1,2
"2640",0.254024162846168,5.65843459347196,9.92810146621695,8,150,149,-15.5,1,2
"2641",0.254024162846168,5.65843459347196,9.92810146621695,8,150,149,-13.5,0,2
"2642",0.254024162846168,5.65843459347196,9.92810146621695,8,150,149,-14.5,1,2
"2643",0.254024162846168,5.65843459347196,9.92810146621695,8,150,149,-13.5,0,2
"2644",0.254024162846168,5.65843459347196,9.92810146621695,8,150,149,10.5,0,2
"2645",0.254024162846168,5.65843459347196,9.92810146621695,8,150,149,10.5,1,2
"2646",0.254024162846168,5.65843459347196,9.92810146621695,8,150,149,-12.5,0,2
"2647",0.254024162846168,5.65843459347196,9.92810146621695,8,150,149,12.5,0,2
"2648",0.254024162846168,5.65843459347196,9.92810146621695,8,150,149,11.5,1,2
"2649",0.254024162846168,5.65843459347196,9.92810146621695,8,150,149,11.5,1,2
"2650",0.254024162846168,5.65843459347196,9.92810146621695,8,150,149,-13.5,0,2
"2651",0.254024162846168,5.65843459347196,9.92810146621695,8,150,149,13.5,0,2
"2652",0.254024162846168,5.65843459347196,9.92810146621695,8,150,149,12.5,1,2
"2653",0.254024162846168,5.65843459347196,9.92810146621695,8,150,149,12.5,0,2
"2654",0.254024162846168,5.65843459347196,9.92810146621695,8,150,149,11.5,0,2
"2655",0.254024162846168,5.65843459347196,9.92810146621695,8,150,149,10.5,1,2
"2656",0.254024162846168,5.65843459347196,9.92810146621695,8,150,149,11.5,0,2
"2657",0.254024162846168,5.65843459347196,9.92810146621695,8,150,149,10.5,1,2
"2658",0.254024162846168,5.65843459347196,9.92810146621695,8,150,149,10.5,0,2
"2659",0.254024162846168,5.65843459347196,9.92810146621695,8,150,149,10.5,0,2
"2660",0.254024162846168,5.65843459347196,9.92810146621695,8,150,149,9.5,0,2
"2661",0.254024162846168,5.65843459347196,9.92810146621695,8,150,149,10.5,1,2
"2662",0.254024162846168,5.65843459347196,9.92810146621695,8,150,149,10.5,0,2
"2663",0.254024162846168,5.65843459347196,9.92810146621695,8,150,149,9.5,1,2
"2664",0.254024162846168,5.65843459347196,9.92810146621695,8,150,149,9.5,1,2
"2665",0.254024162846168,5.65843459347196,9.92810146621695,8,150,149,9.5,0,2
"2666",0.254024162846168,5.65843459347196,9.92810146621695,8,150,149,9.5,1,2
"2667",0.254024162846168,5.65843459347196,9.92810146621695,8,150,149,9.5,1,2
"2668",0.254024162846168,5.65843459347196,9.92810146621695,8,150,149,-6.5,1,2
"2669",0.254024162846168,5.65843459347196,9.92810146621695,8,150,149,-6.5,0,2
"2670",0.254024162846168,5.65843459347196,9.92810146621695,8,150,149,9.5,1,2
"2671",0.254024162846168,5.65843459347196,9.92810146621695,8,150,149,-8.5,1,2
"2672",0.254024162846168,5.65843459347196,9.92810146621695,8,150,149,-8.5,1,2
"2673",0.254024162846168,5.65843459347196,9.92810146621695,8,150,149,-8.5,1,2
"2674",0.254024162846168,5.65843459347196,9.92810146621695,8,150,149,-8.5,1,2
"2675",0.254024162846168,5.65843459347196,9.92810146621695,8,150,149,-7.5,0,2
"2676",0.254024162846168,5.65843459347196,9.92810146621695,8,150,149,-7.5,0,2
"2677",0.254024162846168,5.65843459347196,9.92810146621695,8,150,149,-7.5,0,2
"2678",0.254024162846168,5.65843459347196,9.92810146621695,8,150,149,-7.5,1,2
"2679",0.254024162846168,5.65843459347196,9.92810146621695,8,150,149,-7.5,0,2
"2680",0.254024162846168,5.65843459347196,9.92810146621695,8,150,149,-7.5,0,2
"2681",0.254024162846168,5.65843459347196,9.92810146621695,8,150,149,-7.5,1,2
"2682",0.254024162846168,5.65843459347196,9.92810146621695,8,150,149,-7.5,1,2
"2683",0.254024162846168,5.65843459347196,9.92810146621695,8,150,149,-7.5,0,2
"2684",0.254024162846168,5.65843459347196,9.92810146621695,8,150,149,-7.5,0,2
"2685",0.254024162846168,5.65843459347196,9.92810146621695,8,150,149,8.5,1,2
"2686",0.254024162846168,5.65843459347196,9.92810146621695,8,150,149,-9.5,0,2
"2687",0.254024162846168,5.65843459347196,9.92810146621695,8,150,149,10.5,0,2
"2688",0.254024162846168,5.65843459347196,9.92810146621695,8,150,149,9.5,0,2
"2689",0.254024162846168,5.65843459347196,9.92810146621695,8,150,149,9.5,1,2
"2690",0.254024162846168,5.65843459347196,9.92810146621695,8,150,149,9.5,1,2
"2691",0.254024162846168,5.65843459347196,9.92810146621695,8,150,149,-9.5,0,2
"2692",0.254024162846168,5.65843459347196,9.92810146621695,8,150,149,11.5,0,2
"2693",0.254024162846168,5.65843459347196,9.92810146621695,8,150,149,10.5,0,2
"2694",0.254024162846168,5.65843459347196,9.92810146621695,8,150,149,10.5,1,2
"2695",0.254024162846168,5.65843459347196,9.92810146621695,8,150,149,10.5,1,2
"2696",0.254024162846168,5.65843459347196,9.92810146621695,8,150,149,10.5,1,2
"2697",0.254024162846168,5.65843459347196,9.92810146621695,8,150,149,-10.5,1,2
"2698",0.254024162846168,5.65843459347196,9.92810146621695,8,150,149,-9.5,0,2
"2699",0.254024162846168,5.65843459347196,9.92810146621695,8,150,149,-9.5,0,2
"2700",0.254024162846168,5.65843459347196,9.92810146621695,8,150,149,12.5,1,2
"2701",0.00189891474444905,18.2080091417202,10.144081009161,9,150,149,-0.5,0,2
"2702",0.00189891474444905,18.2080091417202,10.144081009161,9,150,149,22.5,1,2
"2703",0.00189891474444905,18.2080091417202,10.144081009161,9,150,149,10.5,0,2
"2704",0.00189891474444905,18.2080091417202,10.144081009161,9,150,149,18.5,1,2
"2705",0.00189891474444905,18.2080091417202,10.144081009161,9,150,149,13.5,0,2
"2706",0.00189891474444905,18.2080091417202,10.144081009161,9,150,149,20.5,1,2
"2707",0.00189891474444905,18.2080091417202,10.144081009161,9,150,149,12.5,1,2
"2708",0.00189891474444905,18.2080091417202,10.144081009161,9,150,149,5.5,0,2
"2709",0.00189891474444905,18.2080091417202,10.144081009161,9,150,149,6.5,0,2
"2710",0.00189891474444905,18.2080091417202,10.144081009161,9,150,149,20.5,1,2
"2711",0.00189891474444905,18.2080091417202,10.144081009161,9,150,149,7.5,0,2
"2712",0.00189891474444905,18.2080091417202,10.144081009161,9,150,149,18.5,1,2
"2713",0.00189891474444905,18.2080091417202,10.144081009161,9,150,149,8.5,0,2
"2714",0.00189891474444905,18.2080091417202,10.144081009161,9,150,149,16.5,1,2
"2715",0.00189891474444905,18.2080091417202,10.144081009161,9,150,149,9.5,1,2
"2716",0.00189891474444905,18.2080091417202,10.144081009161,9,150,149,5.5,0,2
"2717",0.00189891474444905,18.2080091417202,10.144081009161,9,150,149,17.5,1,2
"2718",0.00189891474444905,18.2080091417202,10.144081009161,9,150,149,6.5,0,2
"2719",0.00189891474444905,18.2080091417202,10.144081009161,9,150,149,16.5,0,2
"2720",0.00189891474444905,18.2080091417202,10.144081009161,9,150,149,20.5,0,2
"2721",0.00189891474444905,18.2080091417202,10.144081009161,9,150,149,25.5,1,2
"2722",0.00189891474444905,18.2080091417202,10.144081009161,9,150,149,24.5,0,2
"2723",0.00189891474444905,18.2080091417202,10.144081009161,9,150,149,28.5,1,2
"2724",0.00189891474444905,18.2080091417202,10.144081009161,9,150,149,28.5,0,2
"2725",0.00189891474444905,18.2080091417202,10.144081009161,9,150,149,32.5,1,2
"2726",0.00189891474444905,18.2080091417202,10.144081009161,9,150,149,31.5,1,2
"2727",0.00189891474444905,18.2080091417202,10.144081009161,9,150,149,1.5,0,2
"2728",0.00189891474444905,18.2080091417202,10.144081009161,9,150,149,31.5,1,2
"2729",0.00189891474444905,18.2080091417202,10.144081009161,9,150,149,2.5,0,2
"2730",0.00189891474444905,18.2080091417202,10.144081009161,9,150,149,30.5,0,2
"2731",0.00189891474444905,18.2080091417202,10.144081009161,9,150,149,34.5,0,2
"2732",0.00189891474444905,18.2080091417202,10.144081009161,9,150,149,36.5,1,2
"2733",0.00189891474444905,18.2080091417202,10.144081009161,9,150,149,36.5,1,2
"2734",0.00189891474444905,18.2080091417202,10.144081009161,9,150,149,35.5,1,2
"2735",0.00189891474444905,18.2080091417202,10.144081009161,9,150,149,1.5,0,2
"2736",0.00189891474444905,18.2080091417202,10.144081009161,9,150,149,35.5,1,2
"2737",0.00189891474444905,18.2080091417202,10.144081009161,9,150,149,2.5,0,2
"2738",0.00189891474444905,18.2080091417202,10.144081009161,9,150,149,35.5,1,2
"2739",0.00189891474444905,18.2080091417202,10.144081009161,9,150,149,2.5,0,2
"2740",0.00189891474444905,18.2080091417202,10.144081009161,9,150,149,35.5,1,2
"2741",0.00189891474444905,18.2080091417202,10.144081009161,9,150,149,2.5,0,2
"2742",0.00189891474444905,18.2080091417202,10.144081009161,9,150,149,35.5,1,2
"2743",0.00189891474444905,18.2080091417202,10.144081009161,9,150,149,2.5,0,2
"2744",0.00189891474444905,18.2080091417202,10.144081009161,9,150,149,34.5,1,2
"2745",0.00189891474444905,18.2080091417202,10.144081009161,9,150,149,3.5,0,2
"2746",0.00189891474444905,18.2080091417202,10.144081009161,9,150,149,34.5,1,2
"2747",0.00189891474444905,18.2080091417202,10.144081009161,9,150,149,3.5,0,2
"2748",0.00189891474444905,18.2080091417202,10.144081009161,9,150,149,33.5,1,2
"2749",0.00189891474444905,18.2080091417202,10.144081009161,9,150,149,4.5,0,2
"2750",0.00189891474444905,18.2080091417202,10.144081009161,9,150,149,32.5,1,2
"2751",0.00189891474444905,18.2080091417202,10.144081009161,9,150,149,32.5,1,2
"2752",0.00189891474444905,18.2080091417202,10.144081009161,9,150,149,5.5,0,2
"2753",0.00189891474444905,18.2080091417202,10.144081009161,9,150,149,31.5,1,2
"2754",0.00189891474444905,18.2080091417202,10.144081009161,9,150,149,5.5,0,2
"2755",0.00189891474444905,18.2080091417202,10.144081009161,9,150,149,31.5,1,2
"2756",0.00189891474444905,18.2080091417202,10.144081009161,9,150,149,6.5,0,2
"2757",0.00189891474444905,18.2080091417202,10.144081009161,9,150,149,30.5,1,2
"2758",0.00189891474444905,18.2080091417202,10.144081009161,9,150,149,6.5,0,2
"2759",0.00189891474444905,18.2080091417202,10.144081009161,9,150,149,30.5,0,2
"2760",0.00189891474444905,18.2080091417202,10.144081009161,9,150,149,6.5,0,2
"2761",0.00189891474444905,18.2080091417202,10.144081009161,9,150,149,32.5,1,2
"2762",0.00189891474444905,18.2080091417202,10.144081009161,9,150,149,6.5,0,2
"2763",0.00189891474444905,18.2080091417202,10.144081009161,9,150,149,32.5,1,2
"2764",0.00189891474444905,18.2080091417202,10.144081009161,9,150,149,7.5,1,2
"2765",0.00189891474444905,18.2080091417202,10.144081009161,9,150,149,32.5,1,2
"2766",0.00189891474444905,18.2080091417202,10.144081009161,9,150,149,5.5,1,2
"2767",0.00189891474444905,18.2080091417202,10.144081009161,9,150,149,3.5,0,2
"2768",0.00189891474444905,18.2080091417202,10.144081009161,9,150,149,32.5,1,2
"2769",0.00189891474444905,18.2080091417202,10.144081009161,9,150,149,3.5,0,2
"2770",0.00189891474444905,18.2080091417202,10.144081009161,9,150,149,32.5,1,2
"2771",0.00189891474444905,18.2080091417202,10.144081009161,9,150,149,4.5,0,2
"2772",0.00189891474444905,18.2080091417202,10.144081009161,9,150,149,31.5,0,2
"2773",0.00189891474444905,18.2080091417202,10.144081009161,9,150,149,3.5,0,2
"2774",0.00189891474444905,18.2080091417202,10.144081009161,9,150,149,33.5,1,2
"2775",0.00189891474444905,18.2080091417202,10.144081009161,9,150,149,4.5,0,2
"2776",0.00189891474444905,18.2080091417202,10.144081009161,9,150,149,33.5,1,2
"2777",0.00189891474444905,18.2080091417202,10.144081009161,9,150,149,4.5,0,2
"2778",0.00189891474444905,18.2080091417202,10.144081009161,9,150,149,32.5,1,2
"2779",0.00189891474444905,18.2080091417202,10.144081009161,9,150,149,5.5,0,2
"2780",0.00189891474444905,18.2080091417202,10.144081009161,9,150,149,32.5,1,2
"2781",0.00189891474444905,18.2080091417202,10.144081009161,9,150,149,5.5,0,2
"2782",0.00189891474444905,18.2080091417202,10.144081009161,9,150,149,31.5,1,2
"2783",0.00189891474444905,18.2080091417202,10.144081009161,9,150,149,6.5,0,2
"2784",0.00189891474444905,18.2080091417202,10.144081009161,9,150,149,31.5,1,2
"2785",0.00189891474444905,18.2080091417202,10.144081009161,9,150,149,6.5,0,2
"2786",0.00189891474444905,18.2080091417202,10.144081009161,9,150,149,30.5,1,2
"2787",0.00189891474444905,18.2080091417202,10.144081009161,9,150,149,6.5,0,2
"2788",0.00189891474444905,18.2080091417202,10.144081009161,9,150,149,30.5,1,2
"2789",0.00189891474444905,18.2080091417202,10.144081009161,9,150,149,30.5,1,2
"2790",0.00189891474444905,18.2080091417202,10.144081009161,9,150,149,7.5,0,2
"2791",0.00189891474444905,18.2080091417202,10.144081009161,9,150,149,29.5,1,2
"2792",0.00189891474444905,18.2080091417202,10.144081009161,9,150,149,7.5,0,2
"2793",0.00189891474444905,18.2080091417202,10.144081009161,9,150,149,29.5,1,2
"2794",0.00189891474444905,18.2080091417202,10.144081009161,9,150,149,8.5,0,2
"2795",0.00189891474444905,18.2080091417202,10.144081009161,9,150,149,29.5,1,2
"2796",0.00189891474444905,18.2080091417202,10.144081009161,9,150,149,8.5,0,2
"2797",0.00189891474444905,18.2080091417202,10.144081009161,9,150,149,28.5,1,2
"2798",0.00189891474444905,18.2080091417202,10.144081009161,9,150,149,8.5,0,2
"2799",0.00189891474444905,18.2080091417202,10.144081009161,9,150,149,28.5,1,2
"2800",0.00189891474444905,18.2080091417202,10.144081009161,9,150,149,28.5,1,2
"2801",0.00189891474444905,18.2080091417202,10.144081009161,9,150,149,8.5,1,2
"2802",0.00189891474444905,18.2080091417202,10.144081009161,9,150,149,28.5,1,2
"2803",0.00189891474444905,18.2080091417202,10.144081009161,9,150,149,7.5,0,2
"2804",0.00189891474444905,18.2080091417202,10.144081009161,9,150,149,28.5,0,2
"2805",0.00189891474444905,18.2080091417202,10.144081009161,9,150,149,7.5,1,2
"2806",0.00189891474444905,18.2080091417202,10.144081009161,9,150,149,6.5,0,2
"2807",0.00189891474444905,18.2080091417202,10.144081009161,9,150,149,29.5,1,2
"2808",0.00189891474444905,18.2080091417202,10.144081009161,9,150,149,6.5,0,2
"2809",0.00189891474444905,18.2080091417202,10.144081009161,9,150,149,29.5,1,2
"2810",0.00189891474444905,18.2080091417202,10.144081009161,9,150,149,6.5,0,2
"2811",0.00189891474444905,18.2080091417202,10.144081009161,9,150,149,29.5,1,2
"2812",0.00189891474444905,18.2080091417202,10.144081009161,9,150,149,7.5,1,2
"2813",0.00189891474444905,18.2080091417202,10.144081009161,9,150,149,29.5,1,2
"2814",0.00189891474444905,18.2080091417202,10.144081009161,9,150,149,6.5,1,2
"2815",0.00189891474444905,18.2080091417202,10.144081009161,9,150,149,4.5,0,2
"2816",0.00189891474444905,18.2080091417202,10.144081009161,9,150,149,29.5,1,2
"2817",0.00189891474444905,18.2080091417202,10.144081009161,9,150,149,29.5,1,2
"2818",0.00189891474444905,18.2080091417202,10.144081009161,9,150,149,5.5,0,2
"2819",0.00189891474444905,18.2080091417202,10.144081009161,9,150,149,28.5,1,2
"2820",0.00189891474444905,18.2080091417202,10.144081009161,9,150,149,28.5,1,2
"2821",0.00189891474444905,18.2080091417202,10.144081009161,9,150,149,5.5,0,2
"2822",0.00189891474444905,18.2080091417202,10.144081009161,9,150,149,28.5,1,2
"2823",0.00189891474444905,18.2080091417202,10.144081009161,9,150,149,5.5,1,2
"2824",0.00189891474444905,18.2080091417202,10.144081009161,9,150,149,4.5,0,2
"2825",0.00189891474444905,18.2080091417202,10.144081009161,9,150,149,28.5,1,2
"2826",0.00189891474444905,18.2080091417202,10.144081009161,9,150,149,28.5,1,2
"2827",0.00189891474444905,18.2080091417202,10.144081009161,9,150,149,4.5,1,2
"2828",0.00189891474444905,18.2080091417202,10.144081009161,9,150,149,3.5,0,2
"2829",0.00189891474444905,18.2080091417202,10.144081009161,9,150,149,28.5,1,2
"2830",0.00189891474444905,18.2080091417202,10.144081009161,9,150,149,4.5,0,2
"2831",0.00189891474444905,18.2080091417202,10.144081009161,9,150,149,28.5,1,2
"2832",0.00189891474444905,18.2080091417202,10.144081009161,9,150,149,28.5,1,2
"2833",0.00189891474444905,18.2080091417202,10.144081009161,9,150,149,4.5,0,2
"2834",0.00189891474444905,18.2080091417202,10.144081009161,9,150,149,27.5,0,2
"2835",0.00189891474444905,18.2080091417202,10.144081009161,9,150,149,4.5,0,2
"2836",0.00189891474444905,18.2080091417202,10.144081009161,9,150,149,4.5,1,2
"2837",0.00189891474444905,18.2080091417202,10.144081009161,9,150,149,3.5,1,2
"2838",0.00189891474444905,18.2080091417202,10.144081009161,9,150,149,2.5,0,2
"2839",0.00189891474444905,18.2080091417202,10.144081009161,9,150,149,2.5,0,2
"2840",0.00189891474444905,18.2080091417202,10.144081009161,9,150,149,29.5,1,2
"2841",0.00189891474444905,18.2080091417202,10.144081009161,9,150,149,2.5,0,2
"2842",0.00189891474444905,18.2080091417202,10.144081009161,9,150,149,29.5,1,2
"2843",0.00189891474444905,18.2080091417202,10.144081009161,9,150,149,28.5,0,2
"2844",0.00189891474444905,18.2080091417202,10.144081009161,9,150,149,2.5,0,2
"2845",0.00189891474444905,18.2080091417202,10.144081009161,9,150,149,3.5,0,2
"2846",0.00189891474444905,18.2080091417202,10.144081009161,9,150,149,29.5,1,2
"2847",0.00189891474444905,18.2080091417202,10.144081009161,9,150,149,3.5,0,2
"2848",0.00189891474444905,18.2080091417202,10.144081009161,9,150,149,29.5,1,2
"2849",0.00189891474444905,18.2080091417202,10.144081009161,9,150,149,29.5,1,2
"2850",0.00189891474444905,18.2080091417202,10.144081009161,9,150,149,3.5,0,2
"2851",0.104981307136882,15.6789484300082,9.33992554349488,10,150,149,-0.5,0,2
"2852",0.104981307136882,15.6789484300082,9.33992554349488,10,150,149,22.5,1,2
"2853",0.104981307136882,15.6789484300082,9.33992554349488,10,150,149,10.5,0,2
"2854",0.104981307136882,15.6789484300082,9.33992554349488,10,150,149,18.5,0,2
"2855",0.104981307136882,15.6789484300082,9.33992554349488,10,150,149,27.5,0,2
"2856",0.104981307136882,15.6789484300082,9.33992554349488,10,150,149,34.5,1,2
"2857",0.104981307136882,15.6789484300082,9.33992554349488,10,150,149,33.5,1,2
"2858",0.104981307136882,15.6789484300082,9.33992554349488,10,150,149,31.5,1,2
"2859",0.104981307136882,15.6789484300082,9.33992554349488,10,150,149,16.5,0,2
"2860",0.104981307136882,15.6789484300082,9.33992554349488,10,150,149,33.5,1,2
"2861",0.104981307136882,15.6789484300082,9.33992554349488,10,150,149,16.5,0,2
"2862",0.104981307136882,15.6789484300082,9.33992554349488,10,150,149,32.5,1,2
"2863",0.104981307136882,15.6789484300082,9.33992554349488,10,150,149,20.5,1,2
"2864",0.104981307136882,15.6789484300082,9.33992554349488,10,150,149,13.5,1,2
"2865",0.104981307136882,15.6789484300082,9.33992554349488,10,150,149,8.5,1,2
"2866",0.104981307136882,15.6789484300082,9.33992554349488,10,150,149,3.5,0,2
"2867",0.104981307136882,15.6789484300082,9.33992554349488,10,150,149,4.5,1,2
"2868",0.104981307136882,15.6789484300082,9.33992554349488,10,150,149,1.5,0,2
"2869",0.104981307136882,15.6789484300082,9.33992554349488,10,150,149,1.5,0,2
"2870",0.104981307136882,15.6789484300082,9.33992554349488,10,150,149,2.5,0,2
"2871",0.104981307136882,15.6789484300082,9.33992554349488,10,150,149,30.5,1,2
"2872",0.104981307136882,15.6789484300082,9.33992554349488,10,150,149,1.5,1,2
"2873",0.104981307136882,15.6789484300082,9.33992554349488,10,150,149,-0.5,0,2
"2874",0.104981307136882,15.6789484300082,9.33992554349488,10,150,149,-0.5,0,2
"2875",0.104981307136882,15.6789484300082,9.33992554349488,10,150,149,29.5,1,2
"2876",0.104981307136882,15.6789484300082,9.33992554349488,10,150,149,-0.5,0,2
"2877",0.104981307136882,15.6789484300082,9.33992554349488,10,150,149,29.5,1,2
"2878",0.104981307136882,15.6789484300082,9.33992554349488,10,150,149,-0.5,0,2
"2879",0.104981307136882,15.6789484300082,9.33992554349488,10,150,149,29.5,1,2
"2880",0.104981307136882,15.6789484300082,9.33992554349488,10,150,149,-0.5,0,2
"2881",0.104981307136882,15.6789484300082,9.33992554349488,10,150,149,29.5,1,2
"2882",0.104981307136882,15.6789484300082,9.33992554349488,10,150,149,-0.5,0,2
"2883",0.104981307136882,15.6789484300082,9.33992554349488,10,150,149,28.5,1,2
"2884",0.104981307136882,15.6789484300082,9.33992554349488,10,150,149,28.5,1,2
"2885",0.104981307136882,15.6789484300082,9.33992554349488,10,150,149,-0.5,0,2
"2886",0.104981307136882,15.6789484300082,9.33992554349488,10,150,149,27.5,1,2
"2887",0.104981307136882,15.6789484300082,9.33992554349488,10,150,149,0.5,0,2
"2888",0.104981307136882,15.6789484300082,9.33992554349488,10,150,149,27.5,0,2
"2889",0.104981307136882,15.6789484300082,9.33992554349488,10,150,149,0.5,0,2
"2890",0.104981307136882,15.6789484300082,9.33992554349488,10,150,149,30.5,1,2
"2891",0.104981307136882,15.6789484300082,9.33992554349488,10,150,149,1.5,0,2
"2892",0.104981307136882,15.6789484300082,9.33992554349488,10,150,149,30.5,1,2
"2893",0.104981307136882,15.6789484300082,9.33992554349488,10,150,149,1.5,0,2
"2894",0.104981307136882,15.6789484300082,9.33992554349488,10,150,149,29.5,1,2
"2895",0.104981307136882,15.6789484300082,9.33992554349488,10,150,149,2.5,0,2
"2896",0.104981307136882,15.6789484300082,9.33992554349488,10,150,149,28.5,1,2
"2897",0.104981307136882,15.6789484300082,9.33992554349488,10,150,149,2.5,0,2
"2898",0.104981307136882,15.6789484300082,9.33992554349488,10,150,149,28.5,1,2
"2899",0.104981307136882,15.6789484300082,9.33992554349488,10,150,149,3.5,0,2
"2900",0.104981307136882,15.6789484300082,9.33992554349488,10,150,149,27.5,1,2
"2901",0.104981307136882,15.6789484300082,9.33992554349488,10,150,149,4.5,1,2
"2902",0.104981307136882,15.6789484300082,9.33992554349488,10,150,149,27.5,1,2
"2903",0.104981307136882,15.6789484300082,9.33992554349488,10,150,149,1.5,0,2
"2904",0.104981307136882,15.6789484300082,9.33992554349488,10,150,149,27.5,1,2
"2905",0.104981307136882,15.6789484300082,9.33992554349488,10,150,149,1.5,0,2
"2906",0.104981307136882,15.6789484300082,9.33992554349488,10,150,149,26.5,1,2
"2907",0.104981307136882,15.6789484300082,9.33992554349488,10,150,149,26.5,1,2
"2908",0.104981307136882,15.6789484300082,9.33992554349488,10,150,149,2.5,0,2
"2909",0.104981307136882,15.6789484300082,9.33992554349488,10,150,149,25.5,1,2
"2910",0.104981307136882,15.6789484300082,9.33992554349488,10,150,149,3.5,0,2
"2911",0.104981307136882,15.6789484300082,9.33992554349488,10,150,149,24.5,1,2
"2912",0.104981307136882,15.6789484300082,9.33992554349488,10,150,149,3.5,0,2
"2913",0.104981307136882,15.6789484300082,9.33992554349488,10,150,149,24.5,1,2
"2914",0.104981307136882,15.6789484300082,9.33992554349488,10,150,149,24.5,1,2
"2915",0.104981307136882,15.6789484300082,9.33992554349488,10,150,149,4.5,0,2
"2916",0.104981307136882,15.6789484300082,9.33992554349488,10,150,149,23.5,1,2
"2917",0.104981307136882,15.6789484300082,9.33992554349488,10,150,149,23.5,0,2
"2918",0.104981307136882,15.6789484300082,9.33992554349488,10,150,149,4.5,0,2
"2919",0.104981307136882,15.6789484300082,9.33992554349488,10,150,149,4.5,1,2
"2920",0.104981307136882,15.6789484300082,9.33992554349488,10,150,149,2.5,0,2
"2921",0.104981307136882,15.6789484300082,9.33992554349488,10,150,149,25.5,1,2
"2922",0.104981307136882,15.6789484300082,9.33992554349488,10,150,149,2.5,0,2
"2923",0.104981307136882,15.6789484300082,9.33992554349488,10,150,149,25.5,1,2
"2924",0.104981307136882,15.6789484300082,9.33992554349488,10,150,149,3.5,0,2
"2925",0.104981307136882,15.6789484300082,9.33992554349488,10,150,149,24.5,1,2
"2926",0.104981307136882,15.6789484300082,9.33992554349488,10,150,149,24.5,1,2
"2927",0.104981307136882,15.6789484300082,9.33992554349488,10,150,149,3.5,0,2
"2928",0.104981307136882,15.6789484300082,9.33992554349488,10,150,149,24.5,0,2
"2929",0.104981307136882,15.6789484300082,9.33992554349488,10,150,149,3.5,0,2
"2930",0.104981307136882,15.6789484300082,9.33992554349488,10,150,149,4.5,0,2
"2931",0.104981307136882,15.6789484300082,9.33992554349488,10,150,149,25.5,1,2
"2932",0.104981307136882,15.6789484300082,9.33992554349488,10,150,149,4.5,0,2
"2933",0.104981307136882,15.6789484300082,9.33992554349488,10,150,149,25.5,1,2
"2934",0.104981307136882,15.6789484300082,9.33992554349488,10,150,149,4.5,0,2
"2935",0.104981307136882,15.6789484300082,9.33992554349488,10,150,149,24.5,0,2
"2936",0.104981307136882,15.6789484300082,9.33992554349488,10,150,149,4.5,0,2
"2937",0.104981307136882,15.6789484300082,9.33992554349488,10,150,149,5.5,0,2
"2938",0.104981307136882,15.6789484300082,9.33992554349488,10,150,149,26.5,1,2
"2939",0.104981307136882,15.6789484300082,9.33992554349488,10,150,149,5.5,0,2
"2940",0.104981307136882,15.6789484300082,9.33992554349488,10,150,149,26.5,1,2
"2941",0.104981307136882,15.6789484300082,9.33992554349488,10,150,149,5.5,0,2
"2942",0.104981307136882,15.6789484300082,9.33992554349488,10,150,149,25.5,1,2
"2943",0.104981307136882,15.6789484300082,9.33992554349488,10,150,149,6.5,0,2
"2944",0.104981307136882,15.6789484300082,9.33992554349488,10,150,149,6.5,1,2
"2945",0.104981307136882,15.6789484300082,9.33992554349488,10,150,149,25.5,1,2
"2946",0.104981307136882,15.6789484300082,9.33992554349488,10,150,149,25.5,1,2
"2947",0.104981307136882,15.6789484300082,9.33992554349488,10,150,149,25.5,1,2
"2948",0.104981307136882,15.6789484300082,9.33992554349488,10,150,149,5.5,1,2
"2949",0.104981307136882,15.6789484300082,9.33992554349488,10,150,149,25.5,0,2
"2950",0.104981307136882,15.6789484300082,9.33992554349488,10,150,149,3.5,0,2
"2951",0.104981307136882,15.6789484300082,9.33992554349488,10,150,149,26.5,0,2
"2952",0.104981307136882,15.6789484300082,9.33992554349488,10,150,149,3.5,1,2
"2953",0.104981307136882,15.6789484300082,9.33992554349488,10,150,149,28.5,1,2
"2954",0.104981307136882,15.6789484300082,9.33992554349488,10,150,149,2.5,0,2
"2955",0.104981307136882,15.6789484300082,9.33992554349488,10,150,149,27.5,1,2
"2956",0.104981307136882,15.6789484300082,9.33992554349488,10,150,149,2.5,0,2
"2957",0.104981307136882,15.6789484300082,9.33992554349488,10,150,149,27.5,1,2
"2958",0.104981307136882,15.6789484300082,9.33992554349488,10,150,149,2.5,0,2
"2959",0.104981307136882,15.6789484300082,9.33992554349488,10,150,149,27.5,0,2
"2960",0.104981307136882,15.6789484300082,9.33992554349488,10,150,149,2.5,0,2
"2961",0.104981307136882,15.6789484300082,9.33992554349488,10,150,149,28.5,1,2
"2962",0.104981307136882,15.6789484300082,9.33992554349488,10,150,149,2.5,0,2
"2963",0.104981307136882,15.6789484300082,9.33992554349488,10,150,149,28.5,1,2
"2964",0.104981307136882,15.6789484300082,9.33992554349488,10,150,149,3.5,1,2
"2965",0.104981307136882,15.6789484300082,9.33992554349488,10,150,149,28.5,1,2
"2966",0.104981307136882,15.6789484300082,9.33992554349488,10,150,149,2.5,0,2
"2967",0.104981307136882,15.6789484300082,9.33992554349488,10,150,149,28.5,1,2
"2968",0.104981307136882,15.6789484300082,9.33992554349488,10,150,149,2.5,0,2
"2969",0.104981307136882,15.6789484300082,9.33992554349488,10,150,149,27.5,1,2
"2970",0.104981307136882,15.6789484300082,9.33992554349488,10,150,149,2.5,0,2
"2971",0.104981307136882,15.6789484300082,9.33992554349488,10,150,149,27.5,0,2
"2972",0.104981307136882,15.6789484300082,9.33992554349488,10,150,149,2.5,0,2
"2973",0.104981307136882,15.6789484300082,9.33992554349488,10,150,149,28.5,1,2
"2974",0.104981307136882,15.6789484300082,9.33992554349488,10,150,149,2.5,0,2
"2975",0.104981307136882,15.6789484300082,9.33992554349488,10,150,149,28.5,1,2
"2976",0.104981307136882,15.6789484300082,9.33992554349488,10,150,149,2.5,0,2
"2977",0.104981307136882,15.6789484300082,9.33992554349488,10,150,149,28.5,0,2
"2978",0.104981307136882,15.6789484300082,9.33992554349488,10,150,149,29.5,1,2
"2979",0.104981307136882,15.6789484300082,9.33992554349488,10,150,149,2.5,0,2
"2980",0.104981307136882,15.6789484300082,9.33992554349488,10,150,149,28.5,1,2
"2981",0.104981307136882,15.6789484300082,9.33992554349488,10,150,149,3.5,0,2
"2982",0.104981307136882,15.6789484300082,9.33992554349488,10,150,149,28.5,1,2
"2983",0.104981307136882,15.6789484300082,9.33992554349488,10,150,149,3.5,0,2
"2984",0.104981307136882,15.6789484300082,9.33992554349488,10,150,149,3.5,1,2
"2985",0.104981307136882,15.6789484300082,9.33992554349488,10,150,149,28.5,0,2
"2986",0.104981307136882,15.6789484300082,9.33992554349488,10,150,149,29.5,1,2
"2987",0.104981307136882,15.6789484300082,9.33992554349488,10,150,149,2.5,1,2
"2988",0.104981307136882,15.6789484300082,9.33992554349488,10,150,149,29.5,1,2
"2989",0.104981307136882,15.6789484300082,9.33992554349488,10,150,149,1.5,0,2
"2990",0.104981307136882,15.6789484300082,9.33992554349488,10,150,149,29.5,1,2
"2991",0.104981307136882,15.6789484300082,9.33992554349488,10,150,149,1.5,0,2
"2992",0.104981307136882,15.6789484300082,9.33992554349488,10,150,149,29.5,1,2
"2993",0.104981307136882,15.6789484300082,9.33992554349488,10,150,149,1.5,0,2
"2994",0.104981307136882,15.6789484300082,9.33992554349488,10,150,149,29.5,1,2
"2995",0.104981307136882,15.6789484300082,9.33992554349488,10,150,149,1.5,1,2
"2996",0.104981307136882,15.6789484300082,9.33992554349488,10,150,149,0.5,0,2
"2997",0.104981307136882,15.6789484300082,9.33992554349488,10,150,149,29.5,0,2
"2998",0.104981307136882,15.6789484300082,9.33992554349488,10,150,149,30.5,0,2
"2999",0.104981307136882,15.6789484300082,9.33992554349488,10,150,149,31.5,1,2
"3000",0.104981307136882,15.6789484300082,9.33992554349488,10,150,149,0.5,0,2
